0.001359
0.0007549
0.00216
0.001325
0.001556
0.001554
0.001052
0.001158
0.00117
0.001101
0.00243
0.001022
0.001199
4.974e-005
0.0007227
0.001011
0.0005513
0.0007288
0.0008944
4.897e-005
0.0007959
0.003082
0.001395
0.001627
0.0007563
0.000646
0.001081
0.0001953
0.000955
0.0004009
0.001295
0.001119
0.000373
0.0003958
0.0004132
0.001855
0.001442
0.00187
0.0003906
0.0007876
0.0006354
0.0006799
0.001501
0.001401
0.0008097
0.0006563
0.001622
0.001666
0.001173
0.0008106
0.001214
0.001437
0.002416
0.0007012
0.0008245
0.00175
8.914e-005
0.0009687
0.001444
0.001531
0.0004311
0.001276
0.002042
0.001017
0.001705
0.0006774
0.001272
0.001818
0.0002963
0.001333
0.001083
0.00123
7.764e-005
0.001233
0.001444
0.001099
0.0004457
0.0008567
0.0005188
0.001476
0.0003802
0.001946
0.0008852
0.0003414
0.001522
0.0001394
0.001701
0.001127
0.0002639
0.0008576
0.0005605
0.001012
5.266e-005
0.000958
0.001659
0.0004794
0.000319
0.0004003
0.001397
0.0001582
0.0007619
0.002868
0.001424
0.001103
0.0008867
0.0007027
0.001326
0.0004053
0.0006563
0.00133
0.0009606
0.0007079
0.0005562
0.0005399
0.001511
0.0008381
0.0005142
0.0003223
0.0006366
0.0002042
0.001108
0.001214
0.001791
0.0004783
0.001684
0.0007612
0.00152
0.0008359
0.0004957
0.001923
0.001151
0.002326
0.0007831
0.001333
0.0004387
0.0008843
0.00178
0.001012
0.001303
0.0006169
0.0005938
0.0003147
0.002056
0.0009014
0.001459
0.0007354
0.001136
0.0006443
0.0008851
0.0007741
0.0004166
0.00182
0.00141
0.0008316
0.000817
0.0005651
0.001574
0.0004068
0.0002837
0.001006
0.001963
0.0007416
0.00175
0.001346
0.0006738
0.001299
0.0007117
0.0004351
0.0005741
0.0006627
0.0008856
0.0008065
0.0002335
0.002428
0.0009791
0.0006434
0.0003558
0.001844
0.001285
0.002689
0.001273
0.0008605
0.001534
0.001973
0.001245
0.001289
0.001926
0.000966
0.0008882
0.001046
0.001166
0.001576
0.0009507
0.0005426
0.000945
9.045e-005
0.001195
0.0008894
0.001516
0.0007149
0.0008777
0.000116
0.0004199
0.0004153
0.0001266
0.000267
0.0001922
0.0005427
0.001678
0.0008018
0.001396
0.0001468
0.0006512
0.0007151
0.0001876
0.001545
0.0002765
0.001704
0.001315
0.001219
0.0006908
0.0008564
0.00132
0.001122
0.0003647
0.00114
0.0003114
0.00193
0.0006079
0.0009824
0.001042
0.00118
0.0002757
0.0008913
0.0001595
0.0002927
0.0007319
0.0001744
0.0004652
0.00142
0.0008758
0.0007984
0.0009793
0.001235
0.00136
0.0003153
0.001104
0.001121
0.0009221
0.001343
0.001294
0.001778
0.001188
0.0009651
0.002271
0.0007156
0.001312
0.001472
0.0008039
0.001418
0.002049
0.000854
0.00134
0.0006203
0.001629
0.001169
0.001771
0.002583
0.001055
0.001476
0.002131
0.001134
0.0009267
0.001258
0.0003357
0.001374
0.0008559
0.0003096
0.0001511
0.0001075
0.001266
0.0007659
0.0005197
0.001021
0.0003531
0.0006003
0.001004
0.0007704
0.001515
0.0007908
0.0007851
0.0003211
0.0006408
0.001145
0.00138
0.00201
0.0009485
0.0001167
0.00109
0.001067
0.002474
0.0009388
0.001841
0.001143
0.0001871
0.002382
0.00154
0.0008964
0.001316
0.001331
0.001041
0.001325
0.0006479
0.002038
0.0009759
0.000359
0.0007093
0.0009575
0.0002458
0.002095
0.001786
0.001267
0.0001806
0.0002685
0.0001833
0.001916
0.0016
0.00184
0.001399
0.001426
0.0009087
0.001282
0.001988
0.0002447
0.001518
0.0009587
0.0008839
0.0001351
0.0004118
0.0006019
0.0008994
0.001961
0.0003717
0.0008223
0.002353
0.0007543
0.0009425
0.000275
0.0008389
0.0008315
0.0006442
0.0005009
0.00173
0.002495
0.001562
0.0002099
0.0003891
0.0006136
0.0004101
0.001727
0.0008206
9.329e-005
0.001158
0.001027
0.0002235
0.002195
0.0009966
0.001786
0.001136
0.001868
0.0007297
0.0008087
7.569e-005
0.001748
0.00108
0.001735
0.0007613
0.0002792
0.001143
0.0002785
0.0005443
0.0006753
0.0005643
0.0007554
0.0004566
0.001679
0.001114
0.0008939
0.001211
0.001752
0.002258
0.001457
0.001105
0.002065
0.001632
5.731e-005
0.0004946
0.001699
0.0008694
0.001226
0.0006935
0.001086
0.0009308
0.0002987
0.00119
0.001152
0.002128
0.001334
0.001768
0.000758
0.0009522
0.0004367
0.001503
0.000443
0.002204
0.001025
0.0004486
0.00199
0.002607
0.002162
0.0007039
0.0004591
0.0001636
0.001215
0.0009467
0.0009432
0.001295
0.0005764
0.0004041
0.001992
0.001114
0.0001093
0.0006323
0.001017
0.0005335
0.001164
0.0009517
0.0006836
0.001518
0.0005662
0.0001179
0.0003935
0.002257
0.001134
0.001173
0.000267
0.001535
8.467e-006
0.000801
0.001169
0.0003626
0.002325
0.0007677
0.0007674
0.001294
0.001022
4.117e-005
0.001183
0.0002455
0.0001719
0.0001998
0.001192
0.00119
0.0009876
0.001418
0.0005283
0.0009369
0.0002576
0.0009059
0.0004698
0.0008136
0.0005816
0.001006
0.0007978
0.001125
0.001866
0.001128
0.0003769
0.00189
0.001825
0.0008513
0.0007143
0.000597
0.000294
0.0006815
0.0006102
0.001259
0.000252
0.001287
0.001334
0.001763
0.00209
0.0005551
0.001401
0.001045
0.0006685
0.001858
0.001195
0.001059
0.001456
0.001577
0.0008805
0.001759
0.0002431
0.002385
0.0002847
0.0009386
0.001737
0.0007004
0.0009824
0.001288
0.001892
0.000859
0.0006847
0.001039
0.000536
0.0001147
0.0001595
0.001579
0.001601
0.0004824
0.00118
0.002162
0.0008409
0.002155
0.0008055
0.001372
0.001808
0.002512
0.0002388
0.001877
0.001141
0.000711
0.0001215
0.001112
0.001012
0.001865
0.001238
0.001374
0.001795
0.00185
0.001303
0.00142
0.002307
0.001153
0.001254
0.001163
0.001569
0.001626
0.0007083
0.001332
0.001859
0.0007132
0.001079
0.001087
0.001091
0.0008796
0.00219
0.001163
0.001239
0.002723
0.001126
0.001036
0.0005709
0.0009865
0.001049
0.002416
0.001052
0.0008079
0.0005062
0.0002515
0.001038
0.002294
0.0009475
0.0009599
0.001702
0.001761
0.0008482
0.0007389
0.002171
0.0006313
3.081e-005
0.0008851
0.002018
0.001942
0.0013
0.002438
0.0009193
0.001085
1.936e-005
0.001116
0.001754
0.0003382
0.001199
0.0001215
0.001719
0.001234
0.002134
7.526e-005
0.002315
0.0007008
0.0006702
0.0005614
0.0003578
0.001351
0.0008164
0.001083
0.0003017
0.0005526
0.0008537
2.822e-005
0.000963
0.0005324
0.001228
0.0009078
0.00107
0.001008
0.000177
0.001579
0.002349
0.0006812
0.0008917
0.0009705
0.0006815
0.0008067
0.001577
0.001104
0.001114
0.0002561
0.0007616
0.001949
0.002457
0.0005377
0.0004023
0.0006753
0.001872
0.001253
0.0007692
0.002013
0.001144
0.0005051
0.0005054
0.000101
0.001013
0.0003061
0.0007746
0.001056
0.002293
0.0006549
0.00149
0.001548
0.00152
0.001523
0.002625
0.001492
0.0005604
0.001416
0.0009491
0.0004006
0.001473
0.0004337
0.002243
0.0009388
0.0002954
0.0007072
0.0003546
0.0001157
0.001072
0.0005418
0.001202
0.0007582
0.001868
0.0001882
0.0008402
0.0006369
0.0006886
0.001216
0.0009346
0.001314
0.001052
0.001188
0.0004905
0.00195
0.0008299
0.0003427
0.000664
0.001696
0.00121
0.0002898
0.0009751
0.0005651
0.00167
0.002881
0.002054
0.001047
0.0009616
0.002015
0.001367
0.001385
0.001036
0.001442
0.001168
0.001278
0.0004717
0.0007518
0.001288
0.001063
0.0009185
0.001538
0.0007849
0.001057
0.00157
0.0003008
0.0008341
0.0003247
0.001312
0.0004807
0.001084
0.001407
0.001779
0.0009457
0.0006155
0.001818
0.001208
0.0007379
0.0008714
0.001645
0.0009547
0.001226
0.0003806
0.001833
0.0009488
0.0006973
0.0006001
0.0005203
0.001749
0.00113
0.0008795
0.001025
0.0008721
0.001461
0.001871
0.0006639
0.001525
0.0006882
2.117e-005
0.001591
0.0007091
0.002077
0.001455
0.001549
0.001074
0.0009391
0.000698
0.001018
0.002153
0.001374
0.0007631
0.0007576
0.0001419
0.001087
0.0001763
0.001432
0.0005454
0.0006351
0.0009228
0.0009677
0.002076
0.002485
0.000844
0.002203
0.0004413
0.001159
0.001058
0.0005611
0.001678
0.0008521
0.001938
0.001581
0.000549
0.0007399
0.0009855
0.0008006
0.0004101
0.001932
0.001413
0.0007624
0.0006278
0.001553
0.0006992
0.0009293
0.000786
0.0006256
0.000641
0.0008161
0.001467
0.001205
0.001005
0.0002807
0.002265
0.001495
9.461e-005
0.0007911
0.0005199
0.0008029
0.003344
0.001146
0.001108
0.001555
0.001325
0.0007257
0.0003371
0.0001668
0.001085
0.0008797
0.001484
0.001997
0.001332
0.001488
0.001853
0.001265
0.0007214
0.0005977
0.001016
0.001071
0.00217
0.0004864
0.0004481
0.0007497
0.0006828
0.0008645
0.001672
0.001017
0.0001861
0.0008694
0.001194
0.001656
0.000786
0.002048
0.002684
0.001419
0.001286
0.001187
0.0008957
0.001992
0.001019
0.001234
0.001231
0.0003436
0.0008915
0.000739
0.00233
0.00142
0.0005583
0.0007392
0.001169
0.002885
0.0004105
0.0009536
0.0002919
0.001018
0.001939
0.001085
0.001953
0.001295
0.0007012
4.901e-005
0.001087
0.001463
0.0006249
0.00177
0.001316
0.001983
0.001266
0.00181
0.0002944
0.0002694
0.001275
0.001835
0.001065
0.001965
0.002287
0.0009697
0.001405
0.0007256
0.001676
0.0009559
0.0001938
0.0004572
0.001552
0.0006094
0.002019
0.0002623
0.0001567
0.0009522
0.0002183
0.001279
0.0008312
0.002154
0.0008534
0.001367
0.0008764
1.207e-005
0.0007851
0.001665
0.000555
0.0009301
0.001616
0.0008415
0.0001757
0.00153
0.001074
0.0004323
0.000925
0.001167
0.0004015
0.0007243
0.0007292
0.001341
0.0007179
0.0002651
0.0007986
0.0001059
0.0007341
0.002029
0.002111
0.0004596
0.0005235
0.0007922
0.0009509
0.001656
0.001168
0.0007689
0.000938
0.002013
0.0008047
0.0001865
0.0007366
0.0003435
0.001275
0.001188
0.0006938
0.001462
0.002035
0.0009204
0.0008334
0.001179
0.002815
0.001057
0.001402
0.001038
0.001409
0.001636
0.002226
0.0008305
0.0006806
0.002513
0.001717
0.001184
0.00087
0.00131
0.0007538
0.0005984
0.0006153
0.001034
0.001564
0.0005225
0.0005018
0.001148
0.0006626
0.001646
0.00219
0.0004125
0.0005579
0.002996
0.0006169
0.001036
0.001138
0.001645
0.0001899
0.001061
0.001393
0.0005458
0.001084
0.0009589
0.0001907
0.0007329
0.00167
0.0004393
0.001778
0.0008076
0.0008348
0.001545
0.0002437
0.0006049
0.0003119
0.0005403
0.00198
0.001578
0.0009963
0.000546
0.0004728
0.001861
0.0005769
0.001549
0.001262
0.001497
0.0009311
0.0007333
0.001328
0.0006484
0.0006245
0.0008617
0.003164
0.001104
0.0001251
0.001863
0.001372
0.0007713
0.0006202
0.001713
0.001597
0.00105
0.0006318
0.001782
0.0003525
0.0006587
0.00162
0.001239
0.0005483
0.0003889
0.001052
0.0009512
0.0007915
0.001624
0.001811
0.00103
0.0005902
0.00122
0.001473
0.001252
0.00112
0.001078
0.001055
0.0005446
0.001215
0.0009206
0.001118
0.001092
0.00153
0.0007766
0.0002583
0.0009519
0.001604
0.0008457
0.00172
0.0004254
0.001793
0.0006113
0.001411
0.001374
0.001056
0.0004759
0.00187
0.0009563
0.001119
0.00106
0.0006484
0.002086
0.001355
0.001089
0.001182
0.001252
0.001882
0.0007792
0.0009981
0.0008478
0.00214
0.0003614
8.126e-005
0.0007905
0.000444
0.001151
0.0004486
9.239e-005
0.001801
0.000858
0.001623
0.0002084
0.000873
0.001064
0.0005984
1.026e-005
0.0001415
0.0006939
0.0001068
0.003252
0.001083
0.000708
0.001091
0.001437
0.001315
0.0009548
0.0002601
0.0007116
0.001557
0.0002176
0.000292
0.001492
0.0003953
0.001874
0.0002617
0.0007327
0.002248
0.0006458
0.001063
0.001083
0.0008751
0.001598
0.002289
0.0006373
0.0007489
0.000609
9.497e-005
0.002195
0.0005882
0.0009896
0.000987
0.0004211
0.0007918
0.00053
0.001344
0.001748
0.0008253
0.00134
0.0007498
0.0001211
0.0005342
0.001826
0.0009254
0.00106
0.001149
0.002358
0.001255
0.001612
0.001122
0.002389
0.0001463
0.001671
0.00047
0.001037
0.0009608
0.0008642
0.0009067
0.001677
0.0002935
0.0009243
4.691e-005
0.001332
0.00067
0.000898
0.0004039
0.00199
0.0007677
0.0008631
0.001259
0.0007455
0.0001665
0.0005118
0.0002695
0.0002112
0.001912
0.001457
0.0009259
0.001378
0.0008987
0.0004144
0.001765
0.001363
0.0007761
0.0006871
0.0009248
0.002246
0.001451
7.235e-005
0.0008117
0.001186
0.0002936
0.00104
0.001602
0.0007829
0.0005072
0.001107
0.001361
0.0008408
0.0003784
0.002099
0.001079
0.0008188
0.002691
0.001025
0.000783
0.0004227
0.001121
0.002353
0.001986
0.001303
0.002643
0.001945
0.0008525
0.001735
0.00114
0.0003656
0.0007504
0.00115
0.001693
0.00124
0.001014
0.0004265
0.000294
0.0006862
0.002064
0.000612
0.0007009
0.0008522
0.0004933
0.0003284
0.001259
0.00112
0.001709
0.0009083
0.000948
0.002032
0.001352
0.0003953
0.002195
0.001115
0.000926
0.0002141
0.001181
0.001023
0.0002071
0.0006629
0.0006231
0.002975
0.001416
0.001196
0.0003275
0.001073
0.0008222
0.0005784
0.0008205
0.0008748
0.0008448
0.001103
0.001144
0.0008281
0.0005722
0.001735
0.0009652
0.000706
0.001022
0.0009459
0.003472
0.0005624
3.242e-005
0.002115
0.0005626
0.000315
0.0009251
0.000589
0.000354
0.001254
0.002417
0.0005122
0.0002785
0.002146
0.001141
0.001331
0.0007039
0.0009678
0.001167
0.001902
0.001125
0.0005985
0.001255
0.001225
0.0007276
0.0006913
0.002049
0.0007182
0.0006188
0.001851
0.001062
0.001991
0.001904
0.0002847
0.001501
0.001175
0.001127
0.001933
0.0009557
0.00255
0.00175
0.0005215
0.001807
0.001835
0.0006936
0.001279
0.0006597
0.0006104
0.001149
0.002546
0.0004006
0.0004708
0.000589
0.002214
0.0002017
0.0007796
0.00189
0.001345
0.001198
0.0006128
0.0004344
0.0005824
0.001516
0.001001
0.001307
0.002386
0.0008289
0.0001251
0.001853
0.0003136
3.285e-005
0.002118
0.001202
0.0008689
0.0007974
0.0007911
0.0007566
0.00188
0.0005409
0.001979
0.001196
0.001655
0.0008901
0.001001
0.0007694
0.0001281
0.001063
0.001178
0.001579
0.002312
0.0008898
0.0008402
0.001018
0.001183
0.0001011
0.0005187
0.001414
0.001411
0.0002239
0.001094
0.0006312
0.0009218
0.001503
0.00128
0.0005565
0.0006787
0.002462
0.002312
0.002068
0.001332
0.0009712
0.002152
0.001905
0.0002141
0.0008847
0.001533
0.0002721
0.000487
0.0009221
0.001208
0.0002142
0.0006683
0.001734
0.001296
0.001169
0.0007484
0.0008755
0.0003831
0.0008473
0.002215
0.001158
0.001761
0.001712
0.000637
0.002148
0.0007736
0.00145
0.002255
0.0004218
0.0009959
0.001798
0.0008335
0.001556
0.002621
0.000304
0.0007401
0.0001191
6.372e-005
0.0009525
0.0004465
0.001378
0.001283
0.001064
0.001509
0.000536
0.001708
0.0001588
0.0001808
0.001132
0.002362
0.001853
0.0002575
0.0003308
0.0007961
0.00104
0.002105
0.0006179
0.001084
0.0005137
0.0002952
0.001266
0.0007949
0.001262
0.002564
0.001233
0.0002503
0.001194
0.0002747
0.000677
0.0006568
0.0005649
0.001441
0.0001965
0.0009281
0.0003026
0.001413
0.001324
0.002157
0.001164
0.00173
0.0006701
0.002017
0.0006173
0.0008966
0.002243
0.0018
0.0006285
0.0005577
0.0009497
0.0005319
0.0007407
0.001913
0.0005533
0.0003334
0.00228
0.0004203
0.0002905
0.0009928
0.001957
0.0008262
0.0008312
0.0009743
0.0002554
0.001681
0.0004822
0.001247
0.0009136
0.001148
0.002322
0.001067
0.00018
0.001603
0.001978
0.00211
0.0001364
0.001182
0.0006657
0.0002848
0.001779
0.003227
0.001805
0.001091
0.002165
0.001159
0.0007622
0.001713
0.0008135
0.0008594
0.0005301
0.002154
0.001796
0.0008233
0.0008901
0.00267
0.0001752
0.00152
0.0006658
0.002248
0.0007804
0.0006716
0.0002283
0.0006703
0.001195
0.0006977
0.001165
0.000758
0.0002337
0.001183
0.0001133
0.001285
0.001129
0.0001207
0.001301
0.0006972
0.001579
0.0008052
0.0002308
0.0008101
0.001361
0.001003
0.001666
0.002559
0.0001184
0.002256
0.0008346
0.00207
0.0004181
0.001452
0.001309
0.001637
0.0006374
0.00174
0.0006502
0.0006253
0.0004587
0.001046
0.0006629
0.001034
0.0005025
0.0003849
0.001259
0.0006173
0.001001
0.0005806
0.0003899
0.0005435
0.0009531
0.001326
0.0008733
0.0002843
0.001523
0.0005226
0.001544
0.0007928
0.001278
0.00238
0.0003469
0.0009989
0.0004377
0.001207
0.0001213
0.0005476
0.0009581
0.00124
0.001212
0.002099
0.001692
0.001933
0.001417
0.0006583
0.001404
0.0009857
0.002133
0.0004173
0.001009
0.001581
0.001305
0.001926
0.001986
0.0007254
0.0007873
0.0007836
0.0006644
0.0005955
0.001825
0.0009853
0.001666
0.0004963
0.0004274
0.0006356
0.001812
0.001848
0.0002799
0.0009553
0.000517
0.0007985
0.0005381
0.0002569
0.0002475
0.0007889
0.0003255
0.001214
0.0005436
0.001024
0.00113
0.0007857
0.0004773
0.000979
0.0002924
0.0008678
0.0002182
0.001597
0.002021
0.001279
0.001659
0.0006581
0.00226
0.0002727
0.0006363
0.00141
0.001075
0.001118
0.0009059
0.0007245
0.001019
0.002153
0.0006873
0.0005151
0.0005435
0.0009557
0.001166
0.0004081
0.0009214
0.001035
0.001272
0.0006912
0.000671
0.0004394
0.000664
0.001004
4.643e-005
0.001216
9.407e-005
0.001278
0.000417
0.001455
0.00122
0.0006563
0.001558
0.0009893
0.001506
0.001111
0.0002681
0.00142
0.0007177
0.001933
0.002346
0.001461
0.002223
0.0008608
0.001099
0.0004966
0.000757
0.001022
0.000724
0.0007636
0.0015
0.001913
0.001197
0.0002909
0.001642
0.0008549
0.0003117
0.0008079
0.002006
0.0006841
0.0005879
0.0006925
0.0005881
0.001952
0.002425
0.001243
0.0008224
0.0001141
0.0005513
0.001333
0.0003632
0.0009704
0.001432
0.002631
0.000293
0.0002444
0.0005309
0.0009272
0.0008597
0.001922
0.0002655
0.002982
0.0005816
0.0008143
0.0003709
0.002066
0.001098
0.0003028
0.000958
0.0001489
0.00072
0.0001094
0.001365
0.0003107
2.576e-005
0.0008196
0.0008781
0.001036
0.002143
0.0006851
0.0009109
0.0008104
0.001407
0.0006719
0.0003744
0.001033
0.002321
0.0003691
0.001158
0.001094
0.0006575
5.742e-005
0.0003295
0.0009377
5.123e-005
0.0001107
0.001002
0.001499
0.001272
0.0001618
0.001677
0.0003476
0.0007592
0.001101
0.0002999
0.0006727
0.0008549
0.0005732
0.0008542
0.001419
0.001159
0.0006634
0.00074
0.001908
0.001466
0.001377
0.001009
0.001321
0.001368
0.0002126
0.000221
0.001443
0.001271
0.001692
0.000371
0.001299
0.0004305
0.0004843
0.001002
0.0004167
5.668e-005
0.001186
0.000556
0.0001505
0.001808
0.002052
0.001637
0.0008331
0.001719
0.0008789
0.001683
0.0003983
0.001069
0.002334
0.001675
0.0002996
0.001359
0.0009143
0.0007433
0.002343
0.0007403
0.0009039
0.001311
0.002334
0.0007926
4.792e-005
0.001173
0.0007513
0.002299
0.002563
0.0008504
0.0009564
0.0008326
0.0005797
0.001731
0.001191
0.001441
0.002331
0.001364
0.001401
0.0008864
0.00328
0.0003945
0.0003362
0.001027
0.001006
0.0006162
0.001562
0.000494
0.001301
0.0006173
0.001476
0.0005664
0.001177
0.001035
0.0001999
0.0006593
0.002124
0.001309
0.00112
0.002251
5.853e-005
0.001298
0.001083
0.0007772
0.000823
0.0008483
0.0002267
0.000225
1.295e-005
0.000589
0.001202
0.001826
0.001151
0.002699
0.002287
0.001378
0.0006372
0.0003811
0.0001396
0.001839
0.0006791
0.0003684
0.0008597
0.0008645
0.0004979
0.00065
0.002434
0.0007686
0.001404
0.00241
0.0007721
0.0004763
0.0006085
0.0004164
0.0004612
0.0006825
0.0005639
0.0009296
0.00109
0.002381
0.00114
0.001379
0.001361
0.001492
0.001127
0.001315
0.0005114
0.0007556
0.0008409
0.0002014
0.00106
0.001789
0.001659
0.001083
0.001484
0.001098
0.001076
0.001052
0.001483
0.0009189
0.0002564
0.0007209
0.003593
0.001923
0.002424
0.001689
0.0004591
0.0007388
0.001363
0.00103
0.0005854
0.0007554
0.0005979
0.0005267
0.0004566
0.00242
0.001183
0.001218
0.001639
0.002604
0.002808
0.001039
0.001073
9.253e-005
0.001333
0.0003502
0.001357
0.0009604
0.001522
0.0005166
0.0006483
0.001301
0.0009395
0.0008607
0.0008603
0.000435
0.001234
0.001008
0.001912
0.0005316
0.001965
0.0007719
0.001024
0.0003128
0.0003729
0.0003927
0.003099
0.002022
0.001659
0.0008538
0.001417
0.002743
0.0007563
0.0007359
0.002137
0.001006
0.00164
0.0003669
0.0005656
4.566e-005
0.000174
0.000567
0.001084
0.001128
0.0005433
0.001322
0.000234
0.0008861
0.001305
0.0007057
0.002006
0.00106
0.0005202
0.001852
0.001576
0.0001554
0.001192
0.0006779
0.001095
0.001311
0.0002339
0.002161
0.001189
0.001759
0.001439
0.002773
0.001305
0.0009987
0.0005417
0.0007018
0.001536
0.001406
0.001584
0.001013
0.0008707
0.0008692
0.0009802
0.0004801
0.000964
0.0005226
0.0007358
0.00118
0.001313
0.0007521
0.001542
0.0007751
0.001891
0.001681
0.001348
0.002646
0.0008672
0.0008579
0.0007381
0.000376
0.0003739
0.001146
0.001392
0.0007375
0.0008555
0.00193
0.0006215
0.0008973
0.001366
0.002486
0.0004639
0.0004491
0.0005526
0.0008966
0.0002005
0.001024
0.001337
0.0008407
0.0007641
0.0003424
0.0002122
0.0005202
2.383e-005
0.001033
0.0001035
0.001077
0.001399
0.001233
0.001282
0.001025
0.002365
0.001538
0.0006991
0.0009599
0.001395
0.001055
0.0005906
0.0002812
0.002135
0.002244
0.0007306
0.001507
0.0005876
0.001749
0.0006851
0.0005036
0.000651
0.0008395
0.0001562
0.001206
0.002077
0.001304
0.0009104
0.001692
8.149e-005
0.00237
0.001428
0.002376
0.0006554
0.00182
0.0007556
0.001256
0.0003706
0.002334
0.0002607
0.0006936
0.0007577
0.0003559
0.0007086
0.0006913
0.001537
0.0008537
0.0004941
0.001482
0.0008638
0.0008251
0.00125
0.0009795
0.001212
0.002156
0.001578
0.0008496
0.001354
0.002754
0.0008553
0.000568
0.00173
0.001186
0.0008059
0.0001266
0.001744
0.002214
0.0006573
0.001663
0.00107
0.0009766
0.000812
0.001063
0.001091
0.001009
0.000865
0.001072
0.0004607
0.001768
0.001232
0.002105
0.001058
0.001425
0.001298
0.0004957
0.0007523
0.0006244
0.0007981
0.0004847
0.001108
0.0008165
0.001923
0.001285
0.001119
0.001793
0.0005416
0.001729
0.00242
0.0009312
0.0007875
0.0008525
0.0002437
0.001117
0.0008244
0.0008475
0.001421
0.0004075
3.467e-005
0.0005251
0.0007122
0.001405
0.002044
0.0007058
0.001171
0.0008661
0.0001363
0.0006799
0.002013
0.00142
0.0006876
0.001074
0.0004062
0.000907
0.000482
0.0001445
4.531e-005
0.002465
0.00147
0.001782
0.0006246
0.001331
0.0007818
0.001677
0.001461
0.0002226
0.002019
0.0005739
0.0007304
0.0005563
0.000404
0.0009536
0.001365
0.0007686
0.001052
0.000782
0.000389
0.0003257
0.0003928
0.00153
0.002166
0.001884
0.001099
0.0003342
0.00171
0.0003317
0.001192
0.001005
0.0003428
0.002124
0.0008754
0.001687
0.0007176
0.001699
0.001714
0.0009183
0.0006527
0.000126
0.0003749
0.001213
0.0004016
0.0007171
0.0002687
0.0009245
0.0006768
0.0009788
0.001123
0.001237
0.001367
0.0002552
0.0004723
0.00133
0.0002723
0.001127
0.001489
0.001891
0.0008114
0.001233
0.002044
0.0006587
0.0007893
0.001855
0.001697
0.0008525
0.002097
0.0005914
0.002097
0.000695
0.001601
0.0007934
0.0004677
0.001255
0.001301
0.001044
0.001064
0.0005722
0.001258
0.001149
0.0002952
0.001471
0.0002773
0.001623
0.0008914
0.001082
0.0005104
0.0006744
0.001205
0.0001413
0.001123
0.0003912
0.0003277
0.002358
0.001034
0.0007934
0.000458
0.0007159
0.0006294
0.0009586
0.0001976
0.001418
0.0005485
0.0006188
0.001533
0.001084
0.001899
0.001322
0.0007205
0.001016
0.001843
0.0006447
0.001251
0.001291
0.000622
0.0004519
0.0009617
0.0009116
0.001679
0.000993
0.001671
0.00032
0.0006458
0.0005988
0.002592
0.001066
0.0005878
0.00278
0.0001087
0.0008911
0.001224
0.0004115
0.001703
0.002553
0.0004899
0.00126
0.0006814
0.001392
0.0008323
0.00115
0.001501
0.001144
0.0002662
0.0004155
0.002537
0.0007433
0.001588
8.084e-005
0.001172
0.0007752
0.001125
0.0006773
0.001046
0.001437
0.001209
0.0006468
0.0008432
0.000925
0.002559
0.001268
0.0003852
0.0004585
0.0006339
0.0002317
0.001346
0.001333
0.002149
0.001711
0.0005069
0.001121
0.001411
0.001844
0.0006493
0.002015
0.0006418
0.001695
0.0002416
0.0007408
0.001283
0.0003901
0.001551
0.001243
0.001332
0.002117
0.0009365
0.0004932
0.001067
0.00113
0.001058
0.001103
0.001917
0.001146
0.0004389
0.0006657
0.001234
0.001573
0.001105
0.0008938
0.0009967
0.002038
0.0007161
0.001738
0.0005985
0.001745
0.0001505
0.001988
0.00121
0.0001799
0.0002296
0.001716
0.0003144
0.0007645
0.0003227
0.0008768
0.0009057
0.001612
0.0009345
0.001512
0.0001838
0.0007992
0.0003784
0.0002044
0.001955
0.0007078
0.001414
0.0009323
0.0006014
0.0005504
0.001888
0.001667
0.001646
0.001034
0.0006017
0.002073
0.000599
1.168e-005
0.0003748
9.003e-005
0.0008699
0.000621
0.001328
0.0006338
0.0009677
0.0007013
0.0009791
0.00151
0.0007726
0.0003053
0.002199
0.0001787
0.0004419
0.0009635
0.0009314
0.00121
0.001008
0.0006355
0.0009978
0.001681
0.001099
0.0008351
0.0006288
0.0001826
0.0006722
0.0002382
0.001896
8.511e-005
0.0005327
0.0006359
0.0008918
0.0001155
0.0002119
0.002167
0.001014
0.000836
0.00111
0.001066
0.002186
0.0003137
0.0007618
0.000768
0.0002275
0.0008616
0.0007767
0.001186
0.002228
0.000569
0.001844
0.001049
0.0007672
0.000936
0.0006801
0.001476
0.000939
0.00121
0.00124
0.0006543
0.002027
0.0001679
0.0006535
0.001014
0.001659
0.0004163
0.0006232
0.0004911
0.0009813
0.0005756
0.001301
0.001469
0.001041
0.0009842
0.0003594
0.0007437
0.0002671
0.0009275
0.002464
0.001219
0.001213
0.0011
0.0001779
0.0009107
0.001571
0.001099
0.0006218
0.0008138
0.001963
0.0004408
0.0006233
0.0005968
0.0005271
0.001082
0.0005037
0.0009478
0.001386
0.001869
0.001892
0.001077
0.0007074
0.000747
0.0003232
0.002418
0.001839
0.001222
0.0001145
0.002476
0.001438
0.001167
0.0009277
0.001894
0.0007974
0.0003567
0.0005464
0.00156
0.002151
0.0006915
0.00103
0.001434
0.001369
0.0006539
0.00202
0.001236
0.0002416
0.001002
0.001674
0.0002408
0.0006675
0.0007665
0.0007578
0.0008072
0.001474
0.00192
0.0008103
0.0006738
-0.001059
-0.00135
-0.0006294
-0.002532
-0.0008383
-0.0005171
-0.001665
-0.002198
-0.0001453
-0.001308
-0.001264
-0.001445
-0.001008
-2.545e-005
-0.002507
-0.003229
-0.0004309
-0.0009926
-0.001156
-0.0008595
-0.001645
-0.002619
-0.001281
-0.001232
-0.0006233
-0.0006353
-0.00181
-0.001781
-0.0006345
-0.0006848
-0.0008199
-0.000133
-0.0003386
-0.0001168
-0.001423
-0.002497
-0.0005152
-0.0005865
-0.002764
-0.001285
-0.0006134
-0.0007241
-0.002737
-0.0006419
-0.001896
-0.0009482
-0.002341
-0.0004888
-0.002112
-0.002453
-0.001347
-0.002332
-0.002602
-0.001583
-0.0002219
-0.0008161
-0.001519
-0.001284
-0.001506
-0.001067
-0.001491
-0.001334
-0.0007306
-0.00159
-0.001318
-0.0007411
-0.003495
-0.001841
-0.001818
-0.001349
-0.0006159
-0.0009066
-0.0006423
-0.001008
-0.0008862
-0.0001384
-0.0003257
-0.0008518
-0.00149
-0.0003175
-0.00219
-0.0003197
-0.001004
-0.0003761
-0.001753
-0.002061
-0.001743
-0.001563
-0.0005057
-0.002631
-0.0009022
-0.00187
-4.106e-005
-0.001816
-0.000904
-0.0004628
-0.002278
-0.0009264
-0.00104
-0.002211
-0.00211
-0.001962
-0.001087
-0.0002646
-0.001099
-0.001842
-0.0002421
-0.001061
-0.000303
-0.001048
-0.003027
-0.0007083
-0.0009699
-0.001127
-0.0005069
-0.0006972
-0.00083
-4.88e-005
-0.002187
-0.002906
-0.0006595
-0.00103
-0.001769
-0.001802
-0.002411
-0.003028
-0.0005137
-4.256e-005
-0.001042
-3.341e-005
-0.0002053
-0.0005405
-0.000723
-0.001248
-0.001389
-0.002386
-0.001834
-0.0006496
-0.0009128
-0.001509
-0.001168
-0.002717
-0.0003527
-0.0003477
-0.001165
-0.002395
-0.00205
-0.000402
-0.001878
-0.00139
-0.001671
-4.909e-005
-0.001464
-0.001241
-0.001503
-0.0008951
-0.001478
-0.001004
-0.0003163
-0.001502
-0.001311
-0.0003285
-4.135e-005
-0.002241
-0.0006829
-0.001121
-0.0015
-0.001205
-0.0008764
-0.001147
-0.0008858
-0.0003378
-0.002772
-0.002645
-0.001788
-0.0006936
-0.0007383
-0.001045
-0.0006932
-0.001658
-0.002231
-0.001503
-0.0006423
-0.001472
-0.001595
-0.0007463
-0.0009056
-7.127e-005
-0.002249
-0.0006237
-0.0004941
-0.00124
-0.002319
-0.002427
-0.001388
-0.0008725
-0.002001
-0.00186
-0.00108
-0.001535
-0.0009868
-0.0006045
-0.0006247
-0.001507
-0.001536
-0.0002731
-0.0005691
-0.0009514
-7.806e-005
-0.00144
-0.0004161
-0.0006317
-0.001206
-0.001981
-0.001197
-0.001808
-0.002119
-0.001505
-0.0007896
-0.001714
-0.001863
-0.0008379
-0.002333
-0.0007257
-0.0004048
-0.002071
-0.0007188
-0.0006241
-0.003388
-0.003597
-0.0007949
-0.001295
-0.001205
-0.001706
-0.0018
-0.001365
-7.155e-006
-0.002367
-0.001646
-0.001465
-0.001231
-0.0003699
-0.0001959
-0.003126
-3.078e-005
-0.0009607
-0.00122
-0.0005926
-0.0002159
-0.002943
-0.000227
-0.001729
-0.0003022
-0.001498
-0.001967
-0.00114
-1.278e-005
-0.0002837
-0.001869
-0.0001665
-0.0004045
-0.001775
-0.0006481
-0.000176
-0.001433
-0.002687
-0.001366
-0.002865
-0.000984
-0.001641
-0.001178
-0.0002338
-0.0001565
-0.002654
-0.002094
-0.001223
-0.001103
-0.001684
-0.0003348
-0.0002108
-0.001382
-0.00172
-0.00242
-0.002641
-0.0002832
-0.002772
-0.00196
-0.0002475
-0.001206
-0.002387
-0.002145
-0.0004583
-0.002069
-1.942e-005
-0.001276
-0.0009489
-0.001268
-0.001128
-0.001585
-0.0003795
-0.0001607
-0.002401
-6.776e-005
-0.0005116
-0.001283
-0.001082
-0.001781
-0.000484
-0.00295
-0.0009782
-0.001867
-0.001058
-0.0008534
-0.0004803
-0.001641
-0.002302
-0.002102
-0.0002139
-0.001786
-0.002081
-0.0001346
-0.001411
-0.0006947
-0.002767
-0.000314
-0.001531
-0.002086
-0.002085
-0.001299
-5.67e-005
-0.002878
-0.0006298
-0.0007446
-0.0004569
-0.00122
-0.0004518
-0.001271
-0.0007514
-0.001134
-0.0004349
-0.0007032
-0.002143
-0.0009491
-0.0007603
-0.0007433
-0.0007464
-0.0008591
-0.0006107
-0.0008515
-0.001625
-0.001031
-0.0002628
-0.001464
-0.0003659
-0.002754
-0.001168
-0.0008991
-0.0003074
-0.001356
-0.0008397
-0.0005393
-0.001945
-0.001534
-6.334e-005
-0.001385
-0.001259
-0.001891
-0.0006703
-0.0003779
-0.002104
-0.002058
-0.002091
-0.0005611
-0.001344
-0.0008151
-0.001016
-0.002223
-0.001254
-0.001176
-0.0005095
-0.001295
-0.0009498
-0.001643
-0.001299
-0.0006614
-0.001746
-0.001043
-0.0001035
-0.001589
-0.001717
-0.0008326
-0.001703
-0.001549
-8.16e-005
-0.0009003
-0.001551
-0.0009888
-0.0006213
-0.002689
-0.0002557
-0.0009231
-0.001633
-0.002553
-0.0009181
-0.0002332
-0.0005612
-0.002618
-0.001829
-0.002432
-0.00289
-0.001165
-0.001199
-0.0003536
-0.0006959
-0.001991
-0.0006725
-0.00153
-0.001353
-0.002315
-0.0009078
-0.002309
-0.001412
-0.0001198
-0.0006235
-0.0004945
-0.0005249
-0.002164
-0.00216
-3.863e-005
-0.0003317
-0.0004813
-0.001607
-0.0004094
-0.001451
-0.001159
-0.002108
-0.001928
-0.001694
-0.002169
-0.0028
-0.002375
-0.002755
-0.0007296
-0.001419
-0.0007439
-0.001012
-0.001078
-0.0009565
-0.0006809
-0.0007121
-0.0004209
-0.001511
-0.001932
-0.0005667
-0.001099
-0.003176
-0.0006629
-0.0006554
-0.0004508
-0.001003
-0.002095
-0.0005158
-0.0008409
-0.001533
-0.001345
-0.0001164
-0.002146
-0.001283
-0.0005525
-0.001998
-0.00111
-0.0002158
-0.0002592
-0.002407
-0.000375
-0.001331
-0.0007124
-0.0004359
-0.002209
-0.001141
-0.0004646
-0.0005172
-0.000467
-0.001332
-0.001477
-0.001481
-0.001804
-0.0006022
-0.003055
-0.0009157
-0.0007037
-0.001974
-0.001077
-0.001263
-0.001079
-0.0006059
-0.000197
-0.0008047
-0.00107
-0.0006913
-0.0006565
-0.00053
-0.003738
-0.0009458
-0.001234
-0.0002034
-0.001606
-0.001464
-0.002103
-0.0004581
-0.0008208
-0.0004584
-0.0001726
-0.0004962
-0.0007568
-0.0004158
-0.001027
-0.001047
-0.0004494
-0.001184
-0.0012
-0.001429
-0.002514
-0.001889
-0.0004917
-0.001259
-0.0009643
-0.002147
-0.0002785
-0.0005414
-0.0003852
-0.00111
-0.001343
-0.0001368
-0.001019
-0.000141
-0.001666
-0.001613
-0.001311
-0.001696
-0.0003003
-0.001413
-0.0005911
-0.0001606
-0.001095
-0.001421
-0.0005776
-0.0004246
-0.003688
-0.001616
-0.001235
-9.578e-005
-0.0006289
-0.001439
-4.982e-005
-0.0007766
-0.001048
-0.0002411
-0.0003295
-0.001506
-0.00214
-0.0009834
-0.00168
-0.001613
-0.002151
-0.0005859
-0.001406
-0.001206
-0.0008658
-0.001592
-0.0008977
-0.002336
-0.0008346
-0.0018
-0.001113
-0.0008939
-0.0005197
-0.00119
-0.002212
-0.001515
-0.002282
-0.001231
-0.000269
-0.001893
-0.001417
-0.0006922
-0.0004168
-0.002748
-0.0007975
-0.0004604
-0.002042
-0.001182
-0.0009021
-0.0008771
-0.00172
-0.001254
-0.0002448
-0.001707
-0.0001969
-0.001764
-0.00241
-0.0009097
-0.001242
-0.0004268
-0.0003387
-0.00241
-0.002548
-0.003676
-0.0006166
-0.0009918
-0.001335
-0.0001969
-0.000882
-0.001062
-0.001712
-0.000952
-0.0009135
-0.001312
-0.002133
-0.0003733
-0.002764
-0.0001105
-0.0005838
-0.000371
-0.003156
-0.001296
-0.0006825
-0.001634
-0.001278
-0.001186
-0.001688
-0.0008777
-0.001454
-0.001263
-0.0009506
-0.0003816
-0.002079
-0.0005787
-0.000642
-0.0007154
-0.001616
-0.002648
-0.001997
-0.0002662
-0.000591
-0.0006834
-0.00113
-0.00247
-0.001691
-0.001399
-0.0017
-0.001252
-0.0016
-0.0008777
-0.001693
-0.001855
-0.00203
-0.001494
-0.0007779
-0.002257
-2.655e-005
-5.256e-005
-0.001134
-0.001234
-0.0004994
-0.001199
-0.001214
-0.0004321
-0.0001967
-0.0006079
-0.001183
-0.001075
-0.0008647
-0.0005317
-0.001199
-0.0007644
-0.001546
-0.003057
-0.0006804
-0.0009877
-0.001149
-0.0004117
-0.001161
-0.001408
-0.002074
-0.001551
-0.002413
-0.001391
-0.0001948
-0.0009643
-0.0004605
-0.0006253
-0.001259
-0.0007942
-0.001388
-0.002511
-0.001208
-0.000674
-7.599e-005
-0.0002636
-0.002794
-0.0001196
-0.001904
-0.002536
-0.001454
-0.0008519
-0.0004255
-0.0001845
-0.001873
-0.001301
-0.001087
-0.001597
-0.0003752
-0.00104
-0.0009526
-0.001172
-3.451e-005
-0.0006748
-0.001781
-0.002328
-0.001215
-0.002222
-0.0006129
-5.808e-005
-0.002889
-0.0007657
-0.0008892
-0.001854
-0.002168
-0.001089
-2.5e-005
-0.001042
-0.001562
-7.103e-005
-0.001015
-0.002012
-0.002927
-0.002026
-0.0007824
-0.0008222
-0.001773
-0.0001895
-0.002097
-0.0001963
-0.001156
-0.002201
-0.001698
-0.0002203
-0.001142
-0.0005313
-0.0009186
-0.0002063
-0.001038
-0.002518
-0.001937
-0.001157
-0.001028
-0.0006833
-0.0007168
-0.000308
-0.0007039
-0.001795
-0.0008332
-0.001793
-0.0009378
-0.001292
-0.001082
-0.0004798
-0.0005256
-0.0005682
-0.00231
-0.0005302
-0.001358
-0.0003057
-0.000472
-0.0005799
-0.001284
-0.0006134
-0.0002479
-0.001426
-0.002371
-0.0009602
-0.0008912
-0.001693
-0.002539
-0.001725
-0.001704
-0.000794
-0.0007626
-0.001129
-0.0008203
-0.0008833
-0.001044
-0.0009434
-0.001156
-0.001948
-0.0007161
-0.002023
-0.003238
-0.001536
-0.002325
-0.001178
-0.0004824
-0.00111
-0.0006536
-0.001737
-0.0007855
-0.002107
-0.001181
-0.001386
-0.001892
-0.0009852
-0.0007545
-0.001184
-0.0003192
-0.001895
-0.0005747
-0.001885
-0.0006364
-0.002212
-0.0003168
-0.0009529
-0.001989
-0.0005951
-0.001158
-0.001135
-0.002155
-0.000383
-0.0002863
-0.001064
-0.0007701
-0.0002884
-0.0008481
-0.001956
-0.0004455
-0.0003737
-0.001473
-0.001106
-0.00173
-0.0009242
-6.181e-005
-0.001634
-0.0001107
-0.002473
-0.002117
-0.0006958
-0.001581
-0.0007375
-0.003185
-0.001667
-0.00034
-0.001755
-0.002025
-0.002009
-0.002733
-0.0002525
-0.0002719
-0.0003949
-0.002097
-9.338e-005
-0.0001028
-0.0005662
-0.0006547
-0.002218
-0.00139
-0.00164
-0.0003925
-0.002018
-0.001814
-0.0004867
-0.001491
-0.002358
-0.001189
-0.0005172
-0.001653
-0.001086
-4.234e-005
-0.000135
-0.001294
-0.00113
-3.588e-005
-0.0002378
-0.002615
-0.00124
-0.001258
-0.001281
-0.0002372
-0.001144
-0.0006841
-0.0002191
-0.00165
-0.0007368
-0.002226
-0.0006433
-0.001151
-0.0001498
-0.003809
-0.00352
-0.0012
-0.002236
-0.0003963
-0.0007019
-0.002616
-0.0006779
-0.001894
-0.0009887
-0.0003907
-0.0001511
-0.002384
-0.002072
-0.002309
-0.001269
-0.001955
-0.0006861
-0.0007024
-0.0004147
-0.0002545
-0.0002709
-0.00138
-0.0001623
-0.0009524
-0.002466
-0.00089
-0.001125
-0.001166
-0.001244
-0.001009
-0.002398
-0.001471
-0.002416
-0.001722
-0.00126
-0.0002973
-0.00264
-0.001381
-0.001063
-0.0008316
-0.001925
-0.0005958
-0.002108
-0.0009142
-0.0009471
-0.001365
-0.001179
-0.0006599
-0.0004937
-0.001296
-0.001328
-0.001694
-0.0001595
-0.001539
-0.002437
-0.000715
-0.002897
-0.0003574
-0.002179
-0.0006433
-0.0007818
-0.0004649
-0.001195
-0.001326
-0.0007142
-0.001371
-0.0007151
-0.001436
-0.0005531
-0.0005941
-0.000785
-0.0003758
-0.0003414
-0.0009879
-0.0005193
-0.0008706
-0.0003039
-0.001842
-0.001042
-0.001864
-0.0003603
-0.0004386
-0.0009678
-0.0001801
-0.0007616
-0.001352
-0.0006269
-0.00205
-0.0003732
-0.0001514
-0.001346
-0.0005964
-0.0004086
-1.592e-005
-0.001044
-0.001329
-0.001718
-0.001968
-0.0008374
-0.001603
-0.0003114
-0.002443
-0.001593
-0.001818
-0.002658
-0.000909
-0.0001285
-0.002275
-0.001808
-0.0009757
-0.001623
-0.0006897
-0.001576
-0.0007432
-0.003096
-0.00132
-0.0008626
-0.0006898
-0.001332
-0.002276
-0.0009794
-0.0009626
-0.001353
-0.0008659
-0.002207
-0.001464
-0.002428
-0.001652
-0.0007947
-0.0007311
-0.002223
-0.002258
-0.001465
-0.001749
-0.0005372
-0.002014
-0.002383
-0.0005601
-0.002238
-0.00174
-0.002421
-0.00227
-0.001235
-0.002318
-0.0006787
-0.0004933
-0.001062
-0.001891
-0.0006901
-0.0009474
-0.001394
-0.001196
-9.173e-006
-0.001911
-0.0001544
-0.002089
-0.000726
-0.000553
-0.0008691
-0.0007776
-0.0005474
-0.002299
-0.001098
-0.0009101
-0.001383
-0.002406
-0.0007072
-0.0003929
-0.001539
-0.001032
-0.0005076
-0.001197
-0.001192
-0.0009368
-0.0003024
-0.0004457
-0.0006096
-0.0007878
-0.001284
-0.0005949
-0.0008412
-0.0006503
-0.0006464
-0.002046
-0.002327
-0.0006139
-0.001231
-0.0005116
-0.001216
-6.666e-005
-0.002004
-0.0008671
-0.0002225
-0.0005724
-0.0006168
-0.0006915
-0.001166
-0.001036
-0.0002067
-0.0001195
-0.00131
-0.001624
-0.0005321
-0.0006089
-0.001641
-0.0004727
-0.0004397
-0.002582
-6.137e-007
-0.0005606
-0.001923
-0.002022
-0.00363
-0.000747
-0.001229
-0.001722
-2.503e-005
-0.002279
-0.0006265
-0.001174
-0.001098
-1.27e-005
-0.001231
-0.0004481
-0.0003334
-0.001713
-0.002662
-0.0009443
-0.001752
-0.0006477
-0.0009079
-0.000973
-0.002783
-0.001479
-0.001322
-0.0006844
-0.000925
-0.001034
-0.001349
-0.001214
-0.001578
-0.001021
-7.901e-005
-0.0005914
-0.0008564
-0.002241
-0.0009981
-0.0005066
-0.001327
-0.000876
-0.0002629
-0.001547
-0.0004382
-7.535e-005
-0.0032
-0.0008054
-0.0007852
-0.002073
-0.001226
-0.00177
-0.0002154
-0.0003821
-0.001419
-0.0012
-0.0009167
-0.002552
-0.0005709
-0.00127
-0.0005467
-0.0003791
-0.0006206
-0.001155
-0.001383
-0.0005151
-0.002166
-0.002986
-0.0009565
-0.0002844
-0.002144
-0.0002564
-0.001394
-0.0007485
-0.002605
-0.0003866
-0.001461
-0.0002908
-0.001367
-1.544e-005
-0.002016
-0.0007687
-0.00238
-0.002422
-0.0006072
-0.0003556
-0.002545
-0.0005319
-0.003016
-0.0003687
-0.00208
-0.001765
-0.0003133
-5.167e-005
-0.0001996
-0.000655
-0.002418
-0.003286
-0.001041
-0.002346
-0.0001983
-0.0006009
-0.002451
-0.002449
-4.082e-005
-0.0005508
-0.0006882
-0.0003161
-0.000757
-0.001366
-0.0009713
-0.00192
-0.001539
-0.00207
-0.0009938
-0.0008744
-0.002061
-0.0008931
-0.0005816
-0.00221
-0.0008892
-0.0003958
-0.0009891
-0.001301
-0.001915
-0.0009579
-0.0005422
-0.001057
-0.003206
-0.000615
-0.001058
-0.001035
-0.001069
-0.003002
-0.001368
-0.002486
-0.00141
-0.0009643
-0.002593
-0.001786
-0.001511
-0.0007139
-0.000302
-0.0008349
-0.0002369
-0.00173
-0.002869
-0.0007805
-0.001548
-0.001219
-0.000894
-0.002462
-0.001964
-0.001005
-0.001048
-0.0005923
-8.369e-005
-0.0006484
-0.0002286
-0.0001155
-0.00107
-0.001091
-0.000518
-0.0006053
-2.695e-005
-0.000745
-0.0005757
-0.00217
-0.0006103
-0.001165
-0.0004912
-0.0006682
-0.0004854
-0.00372
-0.001215
-0.0008198
-0.001958
-0.0001257
-0.001545
-0.001407
-0.0001617
-0.001637
-0.00018
-0.002012
-0.00102
-0.001234
-0.001499
-0.003001
-0.001082
-0.00054
-0.0004112
-0.001635
-0.0009279
-0.002753
-0.001321
-0.000741
-0.001138
-0.001201
-0.0001401
-0.001675
-0.0002922
-0.002107
-0.0004997
-0.001597
-0.000216
-0.001237
-0.001125
-0.001954
-0.0002292
-0.002362
-0.00214
-0.0002905
-0.001455
-0.002461
-0.0001472
-0.0008538
-0.002073
-0.002425
-0.001664
-0.001731
-0.001238
-0.001469
-0.0001912
-0.0003538
-0.0005248
-0.002207
-0.001194
-0.0007278
-0.0004494
-0.0009969
-0.001469
-0.0008708
-0.001326
-0.00116
-0.0007577
-0.001357
-0.0001169
-0.0009712
-0.001222
-0.002076
-0.0006125
-0.0001633
-0.001228
-0.00135
-0.001306
-0.001691
-0.0003579
-0.001466
-0.002058
-0.001556
-0.001379
-0.0013
-0.001445
-0.0005274
-0.001516
-0.00356
-0.0009386
-0.0008296
-4.366e-006
-0.0002028
-0.001169
-0.002655
-0.001322
-0.001669
-0.001711
-0.001846
-0.001548
-0.001081
-0.001368
-0.001029
-0.001463
-0.0001143
-0.0003545
-0.002043
-0.00207
-0.001492
-0.002354
-0.001008
-0.00079
-0.0007455
-0.000985
-0.002817
-0.00143
-0.0003118
-0.0004125
-0.001916
-0.002044
-0.0004417
-0.001692
-0.0009441
-0.001784
-0.001152
-0.0007381
-0.0009778
-0.001103
-0.0004065
-0.003138
-0.0009427
-0.00149
-0.0007963
-0.0004923
-0.0008267
-0.00177
-0.001952
-0.000528
-0.002896
-0.001076
-0.001087
-0.0009128
-0.0003462
-0.001558
-0.001959
-0.001957
-0.0007213
-0.0007247
-0.0006036
-0.0002402
-0.001325
-0.001169
-0.0005176
-0.001087
-0.0005173
-0.002762
-0.001694
-0.001729
-0.0002425
-0.001902
-0.001106
-0.002562
-0.0002728
-0.0003306
-0.00226
-0.00131
-0.0003898
-0.001961
-0.0001585
-0.0005983
-0.001695
-0.003096
-0.002325
-0.0009707
-0.001918
-0.0009066
-0.0004194
-0.0009659
-0.001337
-0.001265
-0.0003236
-0.00264
-5.535e-005
-0.002456
-0.001244
-0.0005535
-0.002351
-0.001758
-0.0003031
-8.571e-005
-0.0008291
-5.359e-005
-0.002002
-0.001236
-0.001076
-0.001492
-0.001414
-0.002037
-0.0009652
-0.000291
-0.0008368
-0.001418
-0.0008199
-0.002956
-0.0003162
-0.0007962
-0.001603
-0.0001209
-6.114e-005
-0.0008524
-0.001875
-0.001242
-0.001049
-0.0001947
-0.002247
-0.0005485
-0.0002043
-0.002288
-5.074e-005
-0.0007659
-0.001423
-0.0004537
-0.00188
-0.001556
-5.044e-005
-0.0003154
-0.0002864
-0.00172
-0.001501
-0.001276
-0.002129
-0.0007129
-0.001123
-0.000123
-0.002328
-0.001117
-0.002905
-0.000138
-7.732e-005
-0.001528
-0.0004399
-0.0007643
-0.0003394
-0.002176
-0.0008828
-0.002377
-0.002342
-0.0001806
-7.376e-005
-0.002074
-0.001566
-5.425e-005
-0.001928
-0.0009178
-0.001652
-0.00263
-0.0009762
-0.001005
-0.001077
-0.001744
-0.0015
-0.001603
-0.001428
-0.0007384
-0.003216
-0.002856
-0.0002864
-0.002528
-0.001544
-0.001799
-0.000251
-0.0008856
-0.0003869
-0.001599
-0.002014
-0.0006402
-0.001802
-0.0008571
-0.002341
-0.001462
-0.001724
-0.002444
-0.0005863
-0.003257
-0.001741
-0.002947
-0.0001399
-0.002527
-0.001694
-0.001915
-0.0003678
-0.001204
-0.000207
-0.0009438
-0.00166
-0.0001442
-0.0009883
-0.001001
-0.0005202
-0.0009701
-0.001831
-0.000831
-0.001404
-0.0001433
-0.001526
-0.002594
-0.0005562
-0.0004847
-0.001829
-0.001558
-5.197e-005
-0.0004843
-0.00225
-6.71e-005
-0.001329
-0.000496
-0.0008614
-0.0008215
-0.001765
-0.0009941
-0.001967
-0.001892
-0.00358
-0.002635
-0.001919
-0.0005612
-2.515e-005
-0.0007128
-0.001439
-0.002479
-0.0002929
-0.0008641
-0.001245
-0.0008996
-0.0008299
-3.346e-005
-0.0004043
-0.0008306
-0.0003004
-0.00141
-0.001319
-0.0007813
-0.0002991
-0.0008316
-0.001909
-0.000987
-0.0004802
-0.002992
-0.002205
-0.0006198
-0.0004045
-0.003137
-0.0004867
-0.00143
-0.002637
-0.0009097
-0.0007035
-0.001178
-0.0008045
-0.0008681
-0.001918
-0.001706
-0.0005918
-0.0006873
-0.000327
-0.0008643
-0.002215
-0.001104
-0.001172
-0.002094
-0.001913
-0.0001721
-0.0009987
-0.001824
-0.0007485
-0.0007848
-0.0001057
-0.001283
-0.002124
-0.0008404
-0.001861
-0.0008384
-0.002738
-0.002
-0.0008141
-0.001127
-0.0005156
-0.001191
-0.0009345
-0.0004799
-0.00139
-0.002721
-0.001446
-0.0006762
-0.0004128
-0.000702
-0.0005482
-0.001264
-0.001285
-0.000598
-0.001638
-0.002681
-0.0005414
-0.001129
-0.001744
-0.0002953
-0.001626
-0.001111
-0.003315
-0.001319
-0.0006373
-0.001876
-0.001052
-0.001476
-0.003044
-0.001745
-0.0005513
-0.001879
-0.001495
-0.0005239
-0.0009154
-0.000495
-0.001874
-0.00161
-0.001906
-0.0001885
-0.001559
-0.002241
-0.00156
-4.338e-005
-0.0002827
-0.0007662
-0.001048
-0.001521
-5.028e-005
-0.0006084
-0.002324
-0.0007092
-0.001131
-0.0003155
-0.0003734
-0.001959
-0.001387
-0.0004485
-0.002058
-0.0008687
-0.001934
-0.001404
-0.0007078
-0.0009821
-0.0001508
-0.002777
-0.0002212
-0.0006735
-0.0008549
-0.0008349
-0.0008337
-0.0009621
-0.0002097
-0.001105
-0.001199
-0.002918
-0.00202
-0.001648
-0.001203
-0.001385
-0.0001088
-0.001873
-0.0004997
-0.0004472
-0.002562
-0.0008577
-0.0005042
-0.002048
-0.001867
-0.000115
-0.0002777
-0.001124
-0.001764
-0.001611
-0.001669
-0.001338
-0.001222
-0.0003232
-0.0004346
-0.002124
-0.002553
-0.001396
-0.0007519
-0.002665
-0.0002705
-0.0003077
-0.0007248
-0.001869
-0.001997
-0.001127
-0.0007531
-0.0001027
-0.002416
-0.003182
-0.001101
-3.362e-005
-0.002414
-0.002658
-0.000483
-0.0002408
-0.001229
-0.001096
-0.002179
-0.0006536
-0.001064
-0.0004405
-0.0007563
-0.001487
-0.002132
-0.001329
-0.00249
-0.001183
-0.0005098
-0.0002207
-0.0008377
-0.0008366
-0.002092
-0.00172
-0.000548
-0.001506
-0.001198
-0.001251
-0.001991
-0.002047
-0.001985
-0.0005955
-0.002184
-0.0005185
-0.0009433
-0.000522
-0.001927
-0.001262
-0.0002203
-0.0005061
-0.00152
-0.001439
-0.0002961
-8.65e-005
-0.0002656
-0.0019
-0.0002666
-0.00156
-0.0001036
-0.0005014
-0.001297
-0.0005335
-0.0002918
-0.0002718
-3.979e-005
-0.001134
-0.001387
-0.001366
-0.001473
-0.001865
-0.00115
-0.001207
-0.002319
-0.001539
-0.001107
-0.0007892
-0.0006976
-0.002409
-0.0009789
-0.001508
-0.001728
-0.000762
-0.001222
-0.0004133
-0.0002076
-0.0008849
-0.002095
-0.001396
-0.001103
-0.001411
-0.00129
-0.0007945
-0.001677
-0.001999
-0.0001697
-0.0006744
-0.000428
-0.001322
-0.001803
-0.0007335
-0.001161
-0.002209
-0.0006741
-0.0002488
-0.001116
-0.00221
-0.001642
-0.002138
-0.0009504
-0.001555
-0.001985
-0.002381
-0.001276
-0.0001732
-0.001023
-0.001865
-0.0008236
-0.001228
-0.0009097
-0.001381
-0.0004912
-0.0001694
-0.002352
-0.0008787
-0.0006713
-0.001195
-0.001158
-0.0001571
-0.001087
-0.001973
-0.002332
-0.0006406
-0.002398
-0.0003475
-0.001732
-0.0005495
-0.002265
-0.0005516
-5.591e-005
-0.0007094
-2.189e-005
-0.002869
-0.001576
-0.001764
-0.0005602
-0.001899
-0.001982
-0.0006336
-0.001753
-0.001692
-0.001071
-0.001997
-0.0001599
-0.001834
-0.003418
-0.0001192
-0.0005284
-1.563e-005
-0.001125
-0.0005963
-0.001031
-0.002296
-0.000427
-0.001377
-0.001144
-0.0013
-0.0006847
-0.0007617
-0.0005987
-0.0008284
-0.001422
-0.002091
-0.002138
-0.001704
-0.001146
-0.001309
-0.000282
-0.0008548
-0.0029
-0.001898
-0.001343
-0.0004719
-0.001342
-0.001939
-0.0002664
-0.001367
-0.001491
-0.0008526
-0.001495
-0.0007298
-0.001584
-0.0009824
-0.002778
-0.0001163
-0.002618
-9.975e-005
-0.0007605
-0.001451
-0.001283
-0.0008275
-0.001145
-0.001484
-0.0004187
-0.001209
-0.001448
-0.001634
-0.001894
-0.0006272
-0.00227
-0.0004837
-0.0008967
-0.002155
-0.001378
-0.0005437
-0.001866
-0.001677
-0.0006049
-0.0009559
-0.001893
-0.0006311
-0.001336
-0.0008287
-0.002934
-0.0001018
-0.001303
-0.00215
-0.0006771
-0.0007493
-0.002146
-0.002106
-0.0009854
-0.0003758
-0.001072
-0.000366
-0.0004086
-0.001047
-0.000886
-0.0007358
-0.0001474
-0.001052
-0.001738
-0.001486
-0.0003007
-0.001352
-0.001329
-0.0003891
-0.001782
-0.001339
-0.0006129
-0.001127
-0.0009777
-0.0005322
-0.00137
-0.001158
-0.002029
-0.0004107
-0.0002659
-0.003172
-0.0006828
-0.0008013
-0.001984
-0.002153
-0.000157
-0.001139
-0.001528
-0.0009514
-0.0007486
-0.001377
-0.0007465
-0.002336
-0.0009178
-0.001917
-0.0007726
-0.00269
-0.0008048
-2.042e-005
-0.0007923
-0.002031
-0.001035
-0.0004539
-0.000318
-0.0004273
-0.001917
-0.00198
-0.001842
-0.001284
-0.001108
-0.001295
-0.002472
-0.001543
-0.0002661
-0.002052
-0.001981
-0.00241
-7.37e-005
-0.002949
-0.000776
-0.0006254
-0.003267
-0.0005483
-0.0008218
-0.0006578
-0.001647
-0.0001994
-0.001058
-0.001259
-0.0006719
-0.00193
-0.0004803
-0.002778
-0.002503
-0.001552
-0.0009267
-0.001617
-0.001074
-0.0004036
-0.001216
-0.001034
-0.000996
-0.002201
-2.33e-005
-0.002186
-0.002533
-0.002486
-0.001256
-0.001666
-0.001123
-0.001868
-0.001949
-0.001482
-0.001213
-0.001394
-0.0001206
-0.001356
-0.0005919
-0.001046
-0.001024
-0.001964
-0.001083
-0.0005896
-2.19e-005
-0.001224
-0.0002975
-0.000432
-0.001639
-0.002227
-0.00153
-0.0008455
-0.001337
-0.0007911
-0.00308
-0.0004139
-0.0006858
-0.001378
-0.0008014
-0.002364
-0.001651
-0.0008768
-0.0007644
-0.001553
-0.002995
-0.001698
-0.001277
-0.0002637
-0.001986
-0.0005488
-0.0009213
-0.001803
-0.002159
-0.001139
-0.002777
-0.0004099
-0.0006086
-0.001163
-0.001599
-0.0002899
-0.002219
-0.001512
-0.003189
-0.0007496
-0.0004312
-0.0005609
-0.001658
-0.0004364
-0.0001128
-0.002011
-0.0009249
-0.0006619
-0.0009969
-0.0009102
-0.001129
-0.001701
-0.0001325
-0.0007596
-0.001931
-0.0008512
-0.0023
-0.001808
-0.0005083
-0.001219
-0.0007562
-0.0007321
-0.00165
-0.002481
-0.001884
-2.52e-005
-0.001491
-0.000203
-0.0004163
-0.0009815
-0.001688
-0.0001677
-0.002101
-0.001181
-0.0004073
-0.0002497
-0.00128
-0.0009364
-0.001395
-9.768e-005
-0.001233
-0.0002485
-0.001452
-0.001711
-0.00174
-9.788e-005
-0.000272
-0.001959
-0.002172
-0.0006343
-0.0006676
-0.0002922
-0.001442
-0.0002293
-0.00125
-0.001436
-0.0001575
-0.0009891
-0.000845
-0.0009961
-0.001742
-0.002154
-0.00249
-0.001978
-0.0003195
-0.002112
-0.002193
-0.002553
-0.001826
-7.406e-005
-0.002051
-0.002296
-0.001139
-0.0009562
-0.001287
-0.0006512
-0.0003483
-0.001399
-0.00112
-0.00179
-0.0005265
-0.0006951
-0.0007888
-0.0006277
-0.001332
-0.002256
-0.001759
-0.0007664
-0.002642
-0.001061
-0.00105
-0.001709
-0.0001503
-0.0008438
-0.001463
-0.0007945
-0.001085
-0.002784
-0.001321
-0.0003947
-0.001522
-0.0007227
-0.0003406
-0.0004122
-0.001341
-0.0008116
-0.0006172
-0.000587
-0.0009678
-0.001604
-0.0008328
-0.0008755
-0.002207
-0.0008616
-0.0003621
-0.001159
-0.002458
-0.002339
-0.002119
-0.0009118
-0.0009273
-0.0003953
-0.001393
-0.0004469
-0.000892
-0.001996
-0.0006819
-0.001086
-0.0006644
-0.0003252
-0.0006102
-0.001345
-0.00152
-0.001324
-0.001715
-0.001606
-0.003229
-0.002353
-0.001148
-0.001492
-0.0009822
-0.001289
-0.0004217
-0.002763
-0.002125
-0.0014
-0.001253
-0.0004336
-0.001419
-0.00274
-0.0002067
-0.000191
-0.001598
0.0008333
0.001561
0.0006667
0.001114
0.001015
0.0009953
0.001258
0.0005802
0.0007039
0.0008774
0.00168
0.001035
0.001141
0.0004159
0.0002906
0.0006188
0.001272
0.0002406
0.0003963
0.0009518
0.0001302
0.0004679
0.002484
6.576e-005
0.001969
0.0001952
0.0002592
0.0009716
0.002276
0.002275
0.001508
0.0004803
0.0004611
0.001042
0.0004129
0.001449
0.001164
0.0004407
0.001063
0.001869
0.001237
0.002252
0.001507
0.001086
0.002441
0.001181
0.0006132
0.000623
0.0006298
0.001876
0.0001092
0.001468
0.001256
0.001167
0.0009952
0.001459
0.002152
0.0001251
0.0008732
0.0007088
0.0004833
0.001783
0.00064
0.0006626
0.001247
0.0002347
0.00177
0.0001714
0.001194
0.002344
0.001152
0.000511
0.000936
0.0007566
0.00198
0.001232
0.001946
0.0002541
0.0001493
0.0009585
0.002096
0.001061
0.0007706
0.001048
0.002108
0.001686
0.001941
0.00342
0.001565
0.002121
0.0008095
0.0005952
0.0007055
0.001256
0.0004104
0.0003888
0.001214
0.0002776
0.001754
0.001222
0.002053
0.001469
0.000126
0.0005049
0.001876
0.001104
0.0007288
0.002428
0.0002101
0.001356
0.000554
0.001676
0.0002676
0.0007006
0.000577
0.001398
0.0001242
0.001099
0.002218
0.0006129
0.001654
0.0006843
0.0001702
0.0006475
0.0008126
0.000229
0.001995
0.0002671
0.001586
0.0007173
0.001033
0.0007293
0.001601
0.002428
0.000201
0.001371
0.0008863
0.001227
0.001861
0.001085
0.000952
0.0007086
0.0005925
0.001379
0.001148
0.00234
0.001298
0.0009628
0.0003102
0.000872
0.001818
0.0002585
0.0009707
0.0009095
0.0007497
0.001026
0.001492
0.0005029
0.0006543
0.001135
6.535e-005
0.00132
0.0009095
0.001128
0.0005742
0.0003344
0.001171
0.001714
0.001834
0.002665
0.0003918
0.002154
0.002077
0.0006469
0.001449
0.0007268
0.0006625
0.0004337
0.001505
0.0005562
0.0002017
0.0002629
0.001376
0.001488
0.0009009
0.001939
0.0004724
9.227e-006
0.002079
0.0001954
0.0007886
0.001284
0.0008659
0.001336
0.001439
0.0007178
0.002037
0.0003852
0.002022
0.0007989
0.0004931
0.001129
0.001376
0.001161
0.002572
0.000848
0.001131
0.001006
0.001546
0.001206
0.0005952
0.0003225
0.001447
0.001002
0.002431
0.0002339
0.001316
0.00107
0.001417
0.0004484
0.002281
0.0006193
0.00063
0.002053
0.0001783
0.001924
0.001432
0.001068
0.0006242
0.0009101
0.002958
7.301e-005
0.00165
0.0003219
0.0005447
0.0006452
0.001199
0.0008008
0.001063
0.001333
0.001819
0.0009159
0.001107
0.00147
0.001326
0.001804
0.0009806
0.001309
0.0005698
0.0009952
0.0007448
0.0007799
0.0013
0.0009018
0.0009992
0.001073
0.001685
0.0005674
0.002191
0.001067
0.002145
0.001185
0.001648
0.001739
0.0004458
0.001882
0.0004835
0.000908
0.000105
0.001508
0.0001369
0.001365
0.001557
0.0007798
0.0003774
0.001633
0.0003159
0.00207
0.0008628
0.001358
0.0009023
0.0007379
0.001209
0.001805
0.0008317
0.0006882
0.001275
0.001512
6.927e-005
0.0002756
9.855e-005
0.0008371
0.001278
0.0009915
0.002681
0.0006968
0.001921
0.001928
0.000995
0.0005353
0.0001242
0.001663
0.0008692
0.001842
0.001298
0.0006838
0.00131
0.0006043
0.000723
0.001093
0.000558
0.0006108
0.0002258
0.001467
0.001591
0.0009725
0.001586
0.002038
0.0007915
0.0004145
0.0008176
0.0004265
0.001932
0.0001141
0.0004617
0.0007758
0.0004976
0.0009962
0.0005511
8.34e-005
0.001555
0.000582
0.0002354
0.001532
0.0006469
3.852e-005
0.00051
0.0008659
0.001095
0.0007007
0.001633
0.002492
0.001579
9.082e-005
0.000592
0.00101
0.0009736
7.429e-005
0.0004019
0.001169
0.001402
0.0005274
0.0002394
0.001079
0.001321
0.0006045
0.001051
0.000642
0.002022
2.893e-005
0.001098
3.483e-005
0.00216
0.001096
0.0009221
0.0006433
0.0007591
0.0002391
0.0005241
0.0008628
0.001335
0.001644
0.0009351
0.0001113
0.0002937
0.0007809
0.0006813
0.001738
0.0003325
0.0007133
0.0003049
0.0003451
0.0002527
0.0007121
0.001148
0.000461
0.0005626
0.001165
0.0004903
0.0008964
0.0007834
0.0001197
4.065e-005
0.0009199
0.0005702
0.0006906
0.001074
0.0007627
0.0008153
0.0007163
0.001137
9.435e-005
0.0008308
0.00108
0.0009095
0.001544
0.001968
0.0002557
0.001587
0.0002814
0.0003724
0.0009617
0.0007617
0.001155
0.0005901
0.0007434
0.0009808
0.001164
0.00185
0.001139
0.0002237
0.0006884
0.0005165
0.000657
0.0004917
0.001699
0.001144
0.0019
0.0006297
0.0008908
0.001519
0.000117
0.0009266
0.0007585
0.001551
0.0005143
0.0004045
0.001874
0.0008063
0.00162
0.0008113
0.001571
0.0009927
0.001316
0.0008041
0.001381
0.001747
0.0009454
0.0003312
0.001244
0.0009948
0.001363
0.001305
0.001648
0.0004672
0.001987
3.068e-005
0.001122
0.001476
0.00149
0.001265
0.000673
0.0008593
0.00172
0.0009827
0.001498
0.002034
0.0005018
0.001054
0.0002974
0.001265
0.001071
0.001709
0.0006415
0.0005438
0.000797
0.002733
0.001659
0.001197
0.001203
0.000879
0.001323
0.0007208
0.0003612
0.001272
0.001037
0.001046
0.0004931
0.002179
0.002
0.0007696
0.001029
0.0004254
0.001417
0.001127
0.001629
0.001705
0.0009611
0.0008185
0.001266
0.0006847
0.001989
0.0003593
0.001063
0.001233
0.001021
0.00112
0.001779
0.001597
0.0008331
0.001024
0.0007837
0.0006227
0.0004561
0.001707
0.0006534
0.00125
0.002588
0.001555
0.0007605
0.002527
0.001653
0.0004904
0.001308
0.001161
0.0002634
0.001682
0.0009518
0.001877
0.001409
0.001164
0.001717
0.0009309
0.00116
0.001128
0.002737
0.0009977
0.0004825
0.0003702
0.001435
0.0005617
5.19e-005
0.0003098
0.001073
0.0001468
0.0002042
0.0002336
0.00142
0.0005014
0.001429
2.438e-005
0.001741
0.002572
0.001284
0.001044
0.001955
0.0001577
0.003825
0.001232
0.001296
0.001092
0.001924
0.0008832
0.001955
0.0008237
1.519e-005
0.000851
0.000817
0.001405
0.0003534
0.001153
0.0009195
0.002022
0.000678
0.0003526
0.002099
0.001289
0.001704
0.0008381
0.0006972
0.001988
0.0007822
0.0009474
0.0001775
0.0005973
0.0005133
0.0001455
0.0007747
0.0008689
0.001449
0.0009937
0.001079
0.0007009
0.002024
0.0007728
0.0004297
0.001232
0.0009036
0.0007247
0.0002076
0.0005982
0.0003568
0.001737
0.0002951
0.0009266
0.0005544
0.0002067
0.0008996
0.0009612
9.928e-005
0.0006606
6.053e-005
0.0006056
0.001195
0.001097
0.0007731
0.0004126
0.0006963
0.001251
0.001991
0.001726
0.0009138
0.00198
0.0005473
0.000838
0.002588
0.001838
0.0008328
0.001043
2.337e-005
0.0001608
0.0008425
0.0008893
0.0001443
0.001429
0.001315
0.0008444
0.002203
0.0001823
0.001195
0.001165
0.001018
2.196e-005
0.0003432
0.00094
0.0011
0.001008
0.001991
0.002239
0.0008058
0.000326
0.0006793
0.001139
0.0006712
0.0007057
0.001025
0.0003271
0.001083
0.0008479
0.0003532
0.0004821
0.000832
0.001342
0.0003188
0.0004401
0.00018
0.001841
0.001228
1.914e-005
0.002098
0.002044
0.0006453
0.0005263
0.002425
0.0003994
0.002347
0.002106
0.0001876
0.001135
0.001482
0.001328
0.0004226
0.002306
0.000148
0.0007183
0.0009416
0.001079
0.0001937
0.001264
0.000955
0.001068
3.66e-005
0.0006106
0.001096
0.002193
0.001454
0.0004919
0.0007988
0.0001902
0.001835
0.0005944
0.0008864
0.0003977
0.002168
0.002306
0.001084
0.0003535
0.0007197
0.00105
0.001597
0.0004594
0.0003513
0.001164
0.002002
0.000454
0.0007221
0.000806
0.0009144
0.001484
0.001877
0.0005592
0.0007526
0.001975
0.002177
0.001417
0.000847
0.001854
0.0006752
0.001418
0.001875
0.001952
0.0001519
0.00176
0.0003983
0.00128
0.001675
0.0008892
0.000706
0.001752
0.000844
0.001173
0.001293
0.001364
0.0006159
0.001039
0.001286
0.0005394
0.00111
0.001071
0.002653
0.001201
0.0006592
1.583e-005
0.0001371
0.002697
0.0005915
0.0002335
0.0002544
0.0004801
0.001074
0.0003535
0.001447
0.001537
0.001494
0.001783
0.0006924
0.001877
0.0003467
0.001953
0.001258
0.0004803
0.001151
0.0004802
0.001088
0.0002384
0.001165
0.001454
0.0001426
0.0005647
0.001926
0.001952
0.001795
0.0006825
0.0009247
0.0007377
0.00121
0.001104
0.001104
0.00107
0.0005627
0.0007671
0.001325
0.001557
0.001577
0.002156
0.001687
0.0007957
0.001734
0.000777
0.001649
0.0001727
0.001057
0.001872
0.0008213
0.002357
0.001435
0.000759
0.00222
0.00108
0.001122
0.002118
0.000245
0.001153
0.001095
0.0009968
0.0004664
0.0006918
0.00203
0.001024
0.001231
0.001139
0.0002071
0.0002075
0.0009974
0.001061
0.0017
0.001671
0.00114
0.001049
0.0004652
0.001483
0.0003907
0.000928
0.0007319
0.0008295
0.001824
0.0003264
0.0002853
7.688e-005
0.001221
0.0008631
0.0004721
0.001359
0.0006126
0.001358
0.0004851
0.002063
0.0009607
0.0007201
0.001345
0.001977
0.0007868
0.001221
0.00155
0.0009486
0.0007791
0.000876
0.0009414
0.0001897
0.0008182
0.001632
0.001307
0.0009111
0.001996
0.0002695
0.001068
0.0005957
0.001557
0.0007486
0.000735
0.002351
0.001688
0.0005966
0.0002842
0.0001049
0.002361
0.000495
0.001999
0.0005809
0.0004368
0.0005137
0.001984
0.0007585
0.001379
0.0007815
0.00186
0.001054
0.001249
0.0009824
0.001596
0.001086
0.0003058
0.001132
0.001939
0.002032
0.001698
0.0007843
0.00124
0.001944
0.001136
0.0007176
0.0009879
0.0009597
0.001952
0.001601
0.001242
0.0005163
0.0004784
0.0009536
0.0009842
0.0014
0.0005729
0.0004887
0.0003267
0.0005966
0.001986
0.0009972
0.001573
0.0006258
0.001538
0.00106
0.00123
0.0009053
0.0008692
0.001317
0.002203
0.0008328
0.0005215
0.001604
0.001225
0.0004482
0.001476
6.293e-005
0.0008194
0.0001705
0.0009929
0.0005879
0.001976
1.274e-005
0.0007835
0.001264
0.002327
0.0004502
0.001712
0.001312
0.002719
0.001386
0.001883
0.0007816
0.001067
0.001091
0.001326
0.0005334
0.001133
0.0007949
0.0001273
0.001237
0.001542
0.001538
0.001154
0.002837
0.002328
0.001014
0.0006442
0.001039
0.001017
0.0004586
0.0009947
0.0005502
0.001078
0.0005781
0.0006446
0.00199
0.001097
0.001525
0.0004224
0.001078
0.0006525
0.001362
0.0002026
0.0008189
0.002501
0.0008465
0.0009002
0.002383
0.0005562
0.0007766
0.0005066
0.0009283
0.0004813
0.001785
0.002118
0.0009013
0.0006769
0.001677
0.0006681
0.0004364
0.0005965
0.000656
0.001036
0.0008222
0.0008994
0.0007897
0.001796
0.002087
0.001323
0.001054
0.002949
0.0006133
0.001538
0.001097
0.001071
0.001089
0.0003351
0.0012
0.001261
0.0002253
0.001172
0.001386
0.002792
0.0007801
0.001769
0.0009179
0.0003342
0.0008731
0.000103
0.001454
0.001079
0.001384
0.0006928
0.002274
0.000809
0.001814
0.0009608
0.002354
0.0008748
0.001648
0.001921
0.0001195
0.00162
0.001018
0.001018
0.0009383
0.000438
0.001254
0.001421
0.0009013
0.001018
0.002132
0.002118
0.0008724
0.001919
0.001142
0.001538
0.00139
0.0008276
0.0009384
0.0009287
9.174e-005
0.001264
0.001409
0.0009324
0.0003699
0.0004355
0.0008768
0.0003664
0.0006593
0.0005083
0.001465
0.002334
0.00111
0.001679
0.0009401
0.0005133
0.001008
0.001415
0.001183
0.0005016
0.000625
0.0003176
0.0005821
0.0006923
0.002203
0.001438
0.0006374
0.002039
0.0008671
0.0013
0.001494
0.0006085
0.0009423
0.001066
0.00125
0.001554
0.001561
0.0009703
0.001289
0.002045
0.001313
0.001499
0.003146
0.001374
0.0007902
0.001616
0.002163
0.0009506
0.001434
0.001583
0.0009675
0.001211
0.001398
0.0003824
0.001492
0.0006794
0.0007534
0.0006679
0.0008183
0.0004253
0.0008492
0.001279
0.001638
0.001274
0.001714
0.0004088
0.0004505
0.0006753
0.00186
0.0006226
0.001755
0.001094
0.0009166
0.002327
0.001674
0.001497
0.001839
0.001062
0.001352
0.0007067
0.001005
0.001615
0.0008432
0.0002614
0.0005431
0.001046
0.0003275
0.001099
0.0004648
0.0006888
0.00153
0.002325
0.0002589
0.001385
0.0003975
0.000903
0.0004994
0.001244
0.001133
0.002222
0.001487
0.0009006
0.001679
0.0001265
0.001727
0.0005764
0.0009746
0.0006021
0.001197
0.0007812
0.0006822
0.001092
0.002378
0.001347
0.0008372
0.002466
0.0006453
0.0006949
0.002268
0.001085
0.0001805
0.0008444
0.001222
0.0009343
0.001751
0.001969
0.0009344
0.0008517
0.0019
0.001081
0.001265
0.0007504
0.001966
0.0005008
0.0002354
0.000466
0.001093
0.001336
0.0007788
0.000847
0.001443
0.001099
0.001346
0.0004909
0.0009358
0.0007838
0.0008918
0.001383
0.001493
0.0003324
0.001966
0.0005184
0.001137
0.0007159
0.002286
0.0008196
0.001056
0.0008293
0.002585
0.001411
0.001651
0.0009324
0.001691
0.001184
0.00144
0.001074
0.001828
0.001363
0.0009883
0.000945
0.001095
0.0008046
0.0009564
0.002832
0.001212
0.001068
0.001336
0.0002501
0.001053
3.13e-005
0.001421
0.0009717
0.001007
0.001542
0.002184
0.002158
0.001289
0.0005225
0.001816
0.0005489
0.0027
0.001032
0.001072
0.0005766
0.002195
0.001035
0.001229
0.002662
0.001356
0.002127
0.0006384
0.002105
0.00133
0.000673
0.001375
0.0003812
0.0003462
0.0006211
0.0009588
0.001174
0.001215
0.001064
0.0008397
0.001349
0.001752
0.001762
0.001962
0.0005192
0.0001471
0.0007994
0.001427
0.001846
0.0006241
0.0008664
0.001683
0.001518
0.0005734
0.002192
0.0008711
0.001862
0.0003765
0.001599
0.001721
0.0002326
0.001761
0.0009111
0.0006646
0.001343
0.0002937
0.002165
0.0003644
0.001725
0.0009385
0.002173
0.001182
0.0007184
0.002291
0.001921
0.001596
0.0005698
0.0007149
0.001598
0.001192
7.097e-005
4.385e-005
0.0004833
0.0002292
0.002174
0.001861
0.0005533
0.0009254
0.001106
0.001208
0.0007149
0.0004792
0.001861
0.001677
0.0005343
0.001044
0.001594
0.0008444
0.00105
0.0008635
0.001851
0.001584
0.000361
0.001683
0.001141
0.0004367
0.001211
0.001132
0.001022
0.0007139
0.0009751
0.0002789
0.0008079
0.0003048
0.001271
0.001455
0.0003795
0.001397
0.001629
7.699e-005
0.0005091
0.0009027
0.0005952
0.0002477
0.001094
0.002149
0.0006783
0.0002965
0.001213
0.0006407
0.002608
0.00182
0.0004694
5.909e-005
0.0003276
0.000579
0.0001493
0.0009714
0.002579
0.0004579
0.00128
0.0009251
0.0004753
0.0005012
6.022e-005
0.0009631
0.002435
0.000285
0.0004666
0.0008584
0.0006624
0.001607
0.001483
0.002176
0.001167
0.001791
0.002391
0.001321
0.001514
0.0004101
0.001295
0.0006663
0.0008489
0.0004098
0.001616
0.0008156
0.002313
0.001644
0.0005493
0.0002927
0.002504
0.0006633
0.0003499
0.0007756
0.0007329
0.0002289
0.0006762
0.0002008
0.001771
5.364e-005
0.0002076
0.001758
0.001298
0.001176
0.000992
0.0008526
0.001394
0.0001468
0.0008884
0.0006217
0.0009063
6.338e-005
0.001918
0.002021
0.0008965
0.001042
0.0002924
0.001261
0.001736
0.0006716
0.0006488
0.000796
0.0005028
0.0004359
0.0003616
0.001175
0.001382
0.002635
0.002168
0.0005282
0.001085
0.001024
0.001051
0.0008057
0.001307
0.002731
0.001683
0.002017
0.001975
0.0008287
0.0003449
0.00101
0.0007646
0.002005
0.001996
0.001863
0.0008069
0.0007234
0.0007924
0.0008199
0.0021
0.001317
0.001743
0.002135
0.001566
0.0008347
0.001822
0.0009597
0.001115
0.001111
0.0008216
0.001189
0.001404
0.0007654
0.0005265
0.0006147
0.0007814
0.002051
0.001359
0.001269
0.001188
0.001061
0.0003488
0.00239
0.0003503
0.000772
0.0006082
0.002886
0.0001643
0.0009058
0.0006979
0.0002457
0.0002268
0.002261
0.0007505
0.00128
4.926e-005
4.564e-005
0.0005137
0.001965
0.002508
0.0007312
0.0009689
0.001152
0.002246
0.001729
0.0008752
0.0008624
0.001767
0.0009987
0.0009345
0.0001578
0.001172
0.001173
0.0008653
0.0008777
0.0003416
3.352e-005
0.000813
0.0002914
0.002284
0.00096
0.0006002
0.0005242
0.0004358
0.0003723
0.001086
0.0005857
8.632e-005
0.001081
0.001801
0.001047
0.001861
0.002743
0.001089
0.0007401
0.0008135
0.0005332
0.0008136
0.0006661
0.002352
0.001761
0.0006216
0.002331
3.22e-006
0.001764
0.00152
0.000556
0.0001766
0.002353
0.0009354
0.001793
0.0005358
0.001748
0.0005475
0.001337
0.000463
0.001
0.0009315
0.00128
0.0007778
0.0008171
0.00184
0.000252
0.0003375
0.0008574
0.0001849
0.0008649
0.001544
0.00118
0.0003018
0.002024
0.0008269
0.0006821
0.0002574
0.0002504
0.0008458
0.0006561
0.0005189
0.001117
0.002231
0.00129
0.0008398
0.001336
0.0006762
0.002025
0.0009428
0.001442
0.001695
0.0008252
0.0003454
0.001277
0.0009372
0.0002822
0.0007729
0.0003487
0.001517
0.000887
0.0006451
0.001473
0.002225
0.0003605
0.001223
0.001016
0.001343
0.0005176
0.0009287
0.0008962
0.0008777
0.00058
0.0007046
0.0006813
0.0006749
0.002023
0.001818
1.655e-005
0.000946
0.001358
0.001944
0.001023
0.001431
0.00098
0.001221
0.0009268
0.0008967
0.00024
0.0003125
0.002035
0.001402
0.00211
0.0009373
0.001927
0.001024
0.001216
0.0008674
0.0003503
0.001498
0.00092
0.001676
0.001833
0.0009871
0.0006539
0.001677
0.002119
0.001294
0.001678
0.001335
0.001154
0.0002995
0.0008517
0.0016
0.001086
0.0003218
0.001077
0.0009471
0.001766
0.001421
0.001419
0.001066
0.0005253
0.00055
0.00124
0.0008817
0.000979
0.001882
0.0003726
0.00101
0.001283
0.001326
0.0003719
0.001377
0.0007446
0.002006
0.0006608
0.0002123
0.0003438
0.000105
0.00113
0.000708
0.00195
0.0014
0.001061
0.0002181
0.0001904
0.0005656
0.0005909
0.0005058
0.0007844
0.001921
4.082e-005
0.0005221
0.001162
0.002541
0.0004427
0.001189
0.001192
0.001941
0.0005828
0.001088
0.0006767
0.0007437
0.0005295
0.001187
0.002215
0.001745
0.001608
0.000308
0.001368
4.27e-005
0.001823
0.001185
0.001431
0.001681
0.0005589
0.0008165
0.002007
0.0006619
0.000921
0.0004647
3.277e-005
0.0006473
0.0003525
0.001517
0.0001606
0.001197
0.001005
0.0007583
0.001412
0.0008568
0.002858
0.001187
0.001313
0.0007889
0.00238
0.0009452
0.0006008
0.0007665
0.002022
0.0005596
0.0004467
0.002043
0.000578
0.001347
0.0005541
0.000919
0.0002571
0.001583
0.001747
0.001566
0.0008575
0.001434
0.0001202
0.0008319
0.001133
0.0008648
0.0008376
0.001562
0.001572
0.002433
0.0004795
0.001369
0.001286
0.002035
0.001324
0.0007072
0.000645
0.00235
0.001392
0.0004135
0.001296
0.001973
0.001322
0.001784
8.332e-005
0.001451
0.001162
0.001368
0.0009484
0.002365
0.0004038
0.002132
0.00102
0.001392
0.001081
0.000483
0.00162
0.0008988
0.003395
0.000979
0.001265
0.001464
0.002082
0.001196
0.0008308
0.00192
0.001004
0.001092
0.001553
0.001138
0.001478
0.001741
0.0007786
0.0001853
0.0004786
0.0006372
0.001053
0.0002528
0.001585
0.001054
0.0002903
0.0006099
0.002021
0.0008351
0.002381
0.002645
0.001751
0.001254
0.00181
0.0005752
0.0007754
0.0003434
0.0004572
0.001907
0.001014
0.0003086
0.001384
0.0007911
0.001724
0.001122
0.0009779
0.0008243
0.001715
0.0007241
0.001547
0.0002601
0.0009073
0.001363
0.001902
0.0002571
0.0003888
0.0009817
0.0006954
0.0001231
0.002761
0.0002521
0.0005091
0.001031
0.001988
0.00143
0.001228
0.0008947
0.0002111
0.003233
0.001867
0.002451
0.0009416
0.001512
0.001608
0.001034
0.0008034
0.002007
0.001335
9.296e-005
0.001704
0.001736
0.002522
0.0002249
0.001636
0.002018
0.0009829
0.001043
0.00102
0.0003453
0.0001185
0.001039
0.002222
0.001012
0.0002812
0.001056
4.876e-005
0.001634
0.000335
0.0006275
0.002106
0.002095
0.0006239
0.0005634
0.0008921
7.895e-005
0.0006475
0.000664
0.001047
0.001266
0.0004698
0.001122
0.001941
0.0003808
0.0009203
0.001817
0.001001
0.0006935
0.002636
0.001036
0.001735
0.0003642
0.0007356
0.0004302
0.001118
0.0005476
0.0004461
0.001916
0.00147
0.00123
0.001079
0.001899
0.0007255
0.002057
0.0004528
0.001239
0.001586
0.000975
0.001756
0.0008659
0.001702
0.001665
0.001827
0.0007633
0.0007303
0.001737
0.0004202
0.001837
0.0002349
0.00154
0.001724
0.001183
0.0008491
0.0006432
0.001026
0.001559
0.0004629
0.0008857
0.002382
0.001881
0.0008981
0.00254
0.0004477
0.0001602
0.0008971
0.001573
0.001815
0.002195
0.0006
0.002693
0.002089
0.0007328
0.0002112
0.0003645
0.00266
0.001282
0.0008646
0.0006248
0.0004352
0.0007067
0.0008903
0.0006084
0.0001677
5.765e-005
0.0009527
0.0003764
0.0008249
0.001488
0.0007309
0.001537
0.001276
0.001009
0.0007997
0.0003135
0.0003185
0.001503
0.0009394
0.001136
0.0007764
0.0003903
0.0006113
0.0008953
0.0005887
0.001281
0.00135
0.0002043
0.000961
0.0004835
0.0004034
0.0001412
0.0003854
0.0005979
0.00126
0.002092
0.000439
0.002067
0.001804
0.0003746
0.002646
0.001054
0.001555
0.0002776
0.001637
0.001139
0.001308
0.001755
0.001082
0.0009318
0.001843
0.0003441
0.001089
0.0006046
0.001831
0.0008987
0.001451
0.0002461
0.002434
0.001872
0.0009567
0.001093
0.002781
0.002254
0.001593
0.001212
0.0005952
0.001361
0.002476
0.001109
0.00248
0.001353
0.001987
0.0005141
0.000587
0.002397
0.000468
0.001717
0.001818
0.0004405
0.0008718
0.002373
0.001137
0.002083
0.001136
0.001085
0.001161
0.001156
0.0009963
0.001155
0.001042
0.0006561
0.001846
0.0005539
0.001038
0.0008368
0.001839
0.0008305
0.0007372
0.000689
0.001892
0.0008486
0.002454
0.0009692
0.0006825
0.001569
0.0008814
0.001059
0.002541
0.000188
0.0008139
0.000355
7.438e-005
0.0003543
0.001744
0.0008947
0.0004428
0.001909
0.001064
0.0006506
0.0008475
0.001143
0.001445
0.00167
0.0009887
0.0009745
0.002007
0.001127
0.001843
0.0002698
0.001711
0.0009605
0.0002591
0.0001502
0.001287
0.001854
0.0007317
0.0008466
0.0003554
0.0009856
0.002304
0.0007387
0.0005709
0.001612
0.000439
0.001856
0.002882
0.001978
0.001176
0.001239
0.00167
0.0004234
0.001801
0.001262
0.0006387
0.001413
0.001717
0.001153
0.001213
0.0002595
0.0008942
0.0001424
0.0006908
0.0002134
0.001133
0.001098
0.0004252
0.001426
0.0005245
0.001112
0.001563
0.001126
0.0008738
0.001888
0.0002791
0.0009924
0.001693
0.001731
0.001644
0.0008002
0.0004842
0.001213
0.001879
0.0009927
0.001834
0.001391
0.0007972
0.0009279
0.0002141
0.001922
0.001329
0.001497
0.001037
0.001634
0.00204
0.001733
0.0005361
0.0002015
0.0009167
0.001398
7.024e-005
0.001026
0.001402
0.001441
0.001032
6.111e-005
0.0002563
0.0008645
0.0007847
0.0003671
0.0007983
0.00132
0.0005687
0.0009754
0.001831
0.001057
0.001187
0.001383
0.001892
0.001581
0.001017
0.0005649
0.001986
0.00153
0.0008789
0.001605
0.0006594
0.001309
0.0007533
0.001489
0.0004663
0.001244
0.001006
0.001127
0.0005424
0.001135
0.0001968
0.0007844
0.001256
0.000695
0.0007177
0.001709
0.001268
0.0004156
0.001782
0.002003
0.0001919
0.002037
0.001137
0.001144
0.002166
7.938e-005
0.0009478
0.001079
0.0009873
0.0002119
0.001436
0.0005558
0.001212
0.0004489
0.0019
0.0004636
0.0007631
0.0005633
0.0007546
0.001964
0.0009037
0.0006823
0.0005204
0.0008163
0.001216
0.001545
0.0003543
0.0007777
0.001051
0.0002493
0.001315
0.001672
0.002226
0.002037
0.00132
0.001067
0.001511
0.0001777
0.002261
0.0002647
0.0001672
0.0008672
0.00102
0.001896
0.001021
0.00182
0.001233
0.001031
0.0002113
0.0005402
0.001088
0.001826
0.0008104
0.001626
0.002179
0.0007886
0.0005956
0.0006588
0.0008611
0.001378
0.0009865
0.0007982
0.001223
0.001406
0.0006216
0.0003887
0.00218
0.001012
0.0006011
0.001751
0.001091
0.001167
0.001444
0.000704
0.001516
0.001452
0.0003462
0.001718
0.0007573
0.0002063
0.0004763
0.0008743
0.0006735
0.001482
0.002185
0.0005727
0.001184
0.002106
0.0005768
0.0009063
0.000469
0.0001435
0.0007149
0.0009658
0.001899
0.001874
0.002117
0.001055
0.0003633
0.001202
0.0006067
0.0005473
0.0009513
0.001999
0.0004003
0.001063
0.001345
0.001529
0.00263
0.0004717
0.0009469
0.000989
0.001521
0.001198
0.0007344
0.0004547
0.001201
0.0001984
0.001914
0.0022
0.000135
0.001011
0.0007391
0.002007
0.0002006
0.001568
0.001644
0.0002675
0.001058
0.001797
0.0005676
0.0002815
0.0008336
0.001053
0.0006882
0.002227
0.0009173
0.001872
0.0004306
0.0005437
0.0007613
0.000499
0.0003798
0.001092
0.0002765
0.001323
0.0008723
0.001022
0.0009321
0.0007154
0.0006703
0.0004294
0.001291
0.0001662
0.0009762
0.001383
0.0007739
0.0003257
0.001145
0.001384
6.773e-006
0.002001
0.001583
0.002029
0.0007364
0.001285
0.0009522
0.0006713
0.001008
0.001289
0.0008871
0.0001098
0.000825
0.0006678
0.001682
0.0005147
0.001494
0.0009016
0.0006574
0.0002221
0.001195
3.916e-005
0.001268
0.0008783
0.001109
0.002439
0.0004815
0.0006848
0.002189
0.002103
0.002502
0.00135
0.0001568
0.0007171
0.001943
0.001007
0.000887
0.0009686
0.001994
0.0006646
0.0004818
0.001217
0.00207
0.0003283
0.000494
0.00143
0.001241
0.002116
0.00102
0.00185
0.001724
0.0003826
0.001406
0.00111
0.0008919
0.001336
0.001202
0.001859
0.000474
0.0008829
0.0007889
0.0005444
0.001417
0.0003503
0.000813
0.0005511
0.0005887
0.001195
0.002031
0.0003445
0.000562
0.001014
0.001616
0.001563
0.0004317
0.001768
0.0003919
0.0005513
0.0004597
0.0009819
0.001352
0.001242
0.001483
0.0005835
0.001702
0.001478
0.000111
0.0003946
0.0008355
0.0006422
0.0008009
0.0006873
0.000666
0.0009273
0.002418
0.00197
0.0007892
0.001343
0.0004298
0.002296
0.001571
0.001968
0.002455
0.001452
0.0007073
0.0002239
0.000562
0.0007129
0.0005172
0.001133
0.000881
0.0002485
0.001241
0.002521
0.001933
0.0004123
0.000439
0.0008242
0.001102
0.002306
0.001193
0.0006867
0.0008358
0.0002165
0.0006528
0.000749
0.000518
0.0008733
0.0003938
0.001632
0.0006806
0.001201
0.001123
0.001264
0.001745
0.001399
0.001135
0.0009978
0.0004064
0.001189
0.000445
0.0006586
0.0009525
0.0005639
0.0008109
0.001173
0.001131
0.001596
0.0007933
0.001086
0.00137
0.001692
0.00187
0.0008572
2.187e-005
0.002127
0.0007989
0.0007499
0.0008673
0.001252
0.001175
0.0009981
0.0005564
0.00099
0.0006214
0.001507
0.0006899
0.0008532
0.000408
0.0007426
-0.002092
-2.522e-005
-0.001193
-0.0003062
-0.002368
-0.002331
-0.001024
-0.0006129
-0.0009245
-0.000659
-0.001848
-0.001568
-0.0002099
-0.0004904
-0.001308
-0.0009428
-0.001416
-0.001205
-0.0005472
-0.002621
-0.000281
-0.0014
-0.0002177
-0.0003265
-0.0007491
-0.0007882
-0.0004909
-0.001737
-0.0003521
-0.001479
-0.002552
-0.002637
-0.0003083
-0.00228
-0.001028
-0.001989
-0.00112
-0.0006173
-0.0009095
-0.001053
-0.001487
-0.001502
-0.001421
-0.0009752
-0.0008627
-0.002
-0.002339
-0.002067
-0.001242
-0.000873
-0.001044
-0.001059
-0.000233
-0.001634
-0.00157
-0.0005464
-0.001272
-0.001282
-0.002408
-0.002333
-0.001932
-0.0003769
-0.0006704
-0.0006602
-0.0003808
-0.001028
-3.167e-005
-0.0003765
-0.0005866
-0.0003346
-0.0002365
-0.0009922
-6.582e-005
-0.0004425
-0.0002377
-0.0005511
-0.001994
-0.001855
-0.001154
-0.001418
-0.001469
-0.002582
-0.00164
-0.001163
-6.612e-005
-0.0008882
-0.0007317
-0.001888
-0.0002207
-0.001082
-2.697e-005
-0.001642
-0.002928
-0.001729
-8.546e-005
-0.0009583
-0.00139
-0.00127
-0.0003547
-0.0006665
-0.0005542
-0.0009353
-0.001165
-0.002171
-0.001005
-0.00252
-0.002514
-0.002197
-0.001638
-0.0001766
-0.000421
-0.001754
-0.002828
-0.0003835
-0.000713
-0.0009462
-0.0007589
-0.001272
-0.002167
-0.002223
-0.001086
-0.003056
-0.0006018
-0.002083
-0.0002908
-0.0001878
-0.000695
-0.0001691
-0.0009843
-7.243e-005
-0.0002983
-0.001163
-0.001747
-0.001044
-0.002373
-0.002072
-0.001568
-0.001938
-0.0005347
-0.0008854
-0.00143
-0.0002839
-0.000516
-0.0004688
-0.0006788
-0.001147
-0.0001238
-0.0004471
-0.001869
-0.002151
-0.001094
-0.0006132
-0.001081
-0.001613
-0.002647
-0.002897
-0.001394
-0.001985
-0.001498
-0.0007288
-0.0006491
-0.001756
-0.00154
-0.001563
-0.0002517
-0.001241
-0.0005295
-0.000743
-0.002802
-0.002608
-0.003078
-0.000188
-0.00105
-0.001358
-0.002473
-0.0005773
-0.0009394
-0.002136
-0.001012
-0.0004726
-0.001263
-0.0008743
-0.001712
-0.001022
-0.002934
-0.0007813
-0.0002655
-0.0009475
-0.001435
-0.0009569
-4.084e-005
-0.001585
-0.0005375
-5.116e-005
-0.0005797
-0.000882
-0.001007
-0.002495
-0.0005012
-0.0008217
-0.001525
-0.00214
-0.001337
-0.0005306
-0.001782
-0.0002152
-0.0006006
-0.001122
-0.001202
-0.000947
-0.0002081
-0.001857
-0.001655
-0.001339
-0.0004567
-0.00215
-0.0005105
-0.001252
-0.0008005
-0.001407
-0.001072
-0.002179
-9.267e-006
-8.492e-005
-0.0004712
-0.001128
-0.0005829
-0.001205
-0.0006873
-0.002635
-0.0005155
-0.0009885
-0.001357
-0.0008693
-0.000321
-0.0005014
-0.001165
-0.001217
-0.001356
-0.00198
-0.001123
-0.0008504
-0.0008318
-0.0006811
-0.0002995
-0.001485
-0.0008774
-0.0008525
-0.0009595
-0.001932
-0.0001263
-0.0005532
-0.00283
-0.002285
-0.001896
-4.602e-005
-0.000433
-0.0007785
-0.001033
-0.00143
-0.0009186
-0.0002806
-0.001567
-0.001279
-0.001517
-0.0004835
-0.002348
-0.0008038
-0.001113
-0.003027
-0.0007291
-0.0003135
-0.001882
-0.001765
-0.001653
-0.001007
-0.002712
-0.0008115
-0.0008981
-0.0002383
-0.002485
-0.000275
-0.0003183
-0.001454
-0.0005522
-0.0009399
-3.139e-005
-0.001384
-0.001947
-0.0005158
-0.00121
-0.00105
-0.0005811
-0.001387
-0.001205
-0.001096
-0.001594
-0.001277
-0.002601
-0.0001324
-7.613e-005
-0.0009342
-0.001856
-0.002263
-0.001821
-0.00131
-0.0006487
-0.0008868
-0.0003801
-1.227e-005
-0.001205
-0.0005113
-0.001415
-0.002543
-0.0004485
-7.254e-005
-0.0005677
-0.0004435
-0.002536
-0.001663
-0.002047
-0.0008878
-0.0007172
-0.000937
-0.002281
-0.001725
-0.002346
-0.001593
-0.0002108
-0.001901
-0.002071
-0.0009747
-0.0008876
-0.0007814
-0.0002084
-0.001738
-7.447e-005
-0.002647
-0.0004184
-0.0002813
-0.001909
-0.001459
-0.00158
-7.967e-005
-0.002562
-0.001052
-0.001437
-0.0008479
-0.0007496
-0.001583
-0.002667
-0.0008092
-0.000758
-5.959e-005
-0.0002008
-0.0006272
-0.0009166
-0.001155
-0.001321
-0.0008189
-0.0004627
-0.00165
-0.0007592
-0.0008083
-0.0009501
-7.058e-005
-0.001674
-0.001305
-0.001011
-0.002095
-0.0002132
-0.0005785
-0.0002745
-0.001025
-0.0003266
-0.0008551
-0.0005356
-0.002215
-0.0006074
-0.001266
-0.001734
-0.001248
-0.0003323
-0.0002072
-0.002199
-3.798e-005
-0.002566
-0.0007247
-0.000676
-0.001091
-0.002689
-0.001987
-0.001671
-0.0008855
-0.0008999
-0.001763
-0.001649
-0.001371
-0.002359
-0.0008088
-0.0004039
-0.001799
-0.002286
-0.000701
-0.00147
-0.0009823
-0.001325
-0.002224
-0.0006506
-0.0008632
-0.001308
-0.001139
-0.0003841
-0.0001727
-0.0006289
-0.001577
-0.001405
-0.0006767
-0.000397
-0.002385
-0.002738
-0.001617
-0.0007784
-0.003056
-0.0003817
-0.00213
-0.0008211
-0.00105
-0.0009675
-0.001504
-0.001901
-0.002181
-0.002091
-0.001111
-0.0008436
-0.0006325
-0.001204
-0.0008524
-0.002599
-0.0003933
-0.001756
-0.0004516
-0.0005322
-0.0006842
-0.002126
-0.0003863
-0.001982
-0.001119
-0.0007728
-0.001687
-0.0003442
-0.001251
-0.0006084
-0.0004099
-0.0008014
-0.002548
-0.0003653
-0.003682
-0.002131
-0.002046
-0.0004907
-0.001246
-0.000991
-0.00109
-0.0003346
-0.0001852
-0.001999
-0.0006406
-0.0006572
-0.0003503
-0.0007047
-0.002094
-0.00181
-0.002383
-0.0001378
-0.0009416
-0.000619
-0.001946
-0.002379
-0.0008425
-0.002284
-0.0007283
-9.747e-005
-0.0002237
-0.001579
-0.001408
-0.0002932
-0.0007763
-0.001382
-0.001663
-9.297e-005
-0.0005745
-0.0002134
-0.001278
-0.001432
-0.00142
-0.001565
-0.002107
-0.0006665
-0.001563
-0.0006502
-0.0006215
-0.001898
-0.00119
-0.001476
-0.0003504
-0.001008
-0.000427
-0.002025
-0.00228
-0.002158
-0.001322
-0.001884
-0.002372
-0.001923
-0.002624
-0.002364
-0.001301
-0.0007073
-0.000826
-0.0001414
-0.001731
-0.001081
-0.001872
-0.0002262
-0.001339
-0.0005328
-0.001247
-0.0006819
-0.001211
-0.0001111
-0.0006664
-0.0008257
-0.0001561
-0.001397
-0.000858
-0.0003295
-0.0009808
-0.001714
-0.001056
-0.002621
-0.0005706
-0.001293
-0.0005449
-0.0007608
-0.0003072
-0.0009935
-0.0005368
-0.002379
-0.002198
-0.000781
-0.001313
-0.0009109
-0.001075
-0.0008312
-0.0009837
-0.0007742
-0.0002335
-0.0009633
-0.001799
-0.001043
-2.688e-006
-0.0008795
-0.0002089
-0.001087
-0.0006161
-0.001494
-0.001021
-0.001443
-0.0002305
-0.0004154
-0.002445
-0.0001158
-0.0007352
-0.0003511
-0.00126
-0.001238
-0.0005324
-0.002494
-0.001039
-0.0008721
-0.001571
-0.0001792
-0.0009532
-0.002349
-0.001835
-0.001117
-0.0001923
-0.001607
-0.0009283
-0.001439
-7.742e-005
-0.002904
-0.0005365
-0.002215
-0.0009529
-0.0008926
-0.0005947
-0.001396
-0.003228
-0.001214
-0.002315
-0.00041
-0.001064
-0.0009596
-0.002175
-0.001049
-0.0006734
-0.002675
-0.002208
-0.0009948
-0.0002076
-0.0003316
-0.00229
-0.00113
-0.001439
-0.0008241
-0.0001252
-0.001237
-1.001e-005
-0.001228
-0.002044
-0.0001527
-0.0005983
-0.002387
-0.0008935
-0.000122
-0.0001198
-0.001053
-0.0009224
-0.002358
-0.0002415
-0.001859
-0.0005788
-0.002247
-0.001534
-0.002378
-0.002419
-0.0005321
-0.001994
-0.0004438
-0.0001548
-0.0004833
-0.002457
-0.0008066
-0.001263
-0.0003451
-0.002015
-0.0006958
-0.0004616
-0.002472
-0.00199
-0.001902
-0.0008188
-0.002987
-0.001091
-0.0005058
-0.000366
-0.0008781
-0.0004297
-0.0005319
-0.0009361
-0.002323
-0.00205
-0.001663
-0.0006322
-0.0001518
-0.0004935
-0.0001752
-0.00259
-0.001501
-0.002107
-0.0002965
-0.0001485
-0.001368
-0.001946
-0.001824
-0.00033
-0.0003081
-0.003221
-0.002603
-0.001277
-0.0009863
-0.0009679
-0.0008634
-0.0001732
-0.000591
-0.002548
-8.123e-005
-0.002684
-0.000952
-0.001426
-0.0007182
-0.0009378
-0.0008785
-0.0001955
-0.000889
-0.00158
-0.001119
-0.0001167
-0.0002421
-0.001523
-0.001577
-0.0006704
-0.002289
-0.0008312
-0.0003198
-0.0006463
-0.0004325
-0.001662
-8.35e-005
-0.001533
-0.002241
-0.002769
-0.0008118
-0.002312
-0.001189
-0.0001301
-0.0005137
-0.0001937
-0.002189
-0.001754
-0.001177
-0.0007131
-0.001412
-0.0005046
-0.0001334
-0.0006146
-0.0003246
-0.001836
-0.00227
-0.0008918
-0.0002898
-0.0005321
-0.002137
-0.0008193
-0.0003973
-0.002325
-0.001219
-0.0007616
-0.001197
-0.001769
-0.001021
-0.00151
-0.002208
-0.003329
-0.0006074
-0.002169
-0.0016
-0.002027
-0.001435
-0.0008079
-0.0005113
-0.001012
-0.001592
-0.000867
-0.001596
-0.0008872
-0.00188
-0.002272
-0.001217
-0.000117
-0.002119
-0.0008612
-0.001527
-0.001851
-0.001859
-0.001781
-0.001103
-0.0006319
-0.0004071
-0.001822
-0.0006256
-0.0005972
-0.001113
-0.002159
-0.001282
-0.0007735
-0.0003379
-0.002408
-0.0006426
-0.00147
-0.001103
-0.000532
-0.00113
-0.0004439
-0.0003406
-0.002016
-0.0001308
-0.0006814
-0.0005061
-0.0005418
-0.0008263
-0.0004247
-0.0004773
-0.001395
-0.0001493
-0.0005251
-0.0008923
-0.0001794
-0.001627
-0.002312
-0.001132
-0.001047
-0.0004595
-0.002595
-0.002252
-0.002091
-0.0009144
-0.0002234
-0.0002538
-0.0004727
-0.002004
-0.001279
-0.001209
-0.000414
-0.0002373
-0.0002245
-0.001729
-0.0003497
-0.001409
-0.0006545
-0.0006116
-0.0009863
-0.0008148
-0.001323
-0.002254
-0.0004548
-0.001829
-0.003111
-0.0001113
-0.002011
-0.0001683
-9.191e-005
-0.002027
-0.001007
-0.001385
-0.001595
-0.001501
-3.85e-005
-0.0001559
-0.001784
-0.001927
-0.001062
-0.001688
-0.0003237
-0.001304
-0.0004163
-0.00146
-0.0003439
-0.0007999
-0.0009533
-0.001609
-0.0009856
-0.0001908
-0.000325
-0.0005703
-0.001194
-0.0009814
-0.001927
-0.002301
-0.001499
-0.001423
-0.0001986
-0.002119
-0.002493
-0.0008592
-0.002277
-0.0009194
-0.0009888
-0.0006882
-0.0008002
-0.003109
-0.003382
-0.002135
-0.000685
-0.0007527
-0.001983
-0.0004392
-0.001714
-0.001332
-0.002448
-0.001035
-0.0008531
-0.0001732
-6.805e-005
-0.001666
-0.00217
-0.0003361
-0.001154
-0.001023
-3.371e-005
-0.001609
-0.001483
-0.0001634
-0.0008155
-0.001013
-0.001278
-0.0009068
-0.001491
-0.0003259
-0.002253
-0.0006708
-0.001011
-0.001301
-0.0006852
-0.001527
-0.00026
-0.000595
-5.516e-005
-0.0009578
-0.001877
-0.002025
-0.0004349
-0.002388
-0.0008123
-0.001722
-0.001008
-0.001118
-0.00112
-0.0001665
-0.0004843
-0.00157
-0.0008765
-0.001561
-0.001089
-0.001298
-0.0006058
-0.0001008
-0.002412
-0.001488
-0.001779
-0.0004702
-0.0008394
-0.00133
-0.0006551
-0.0002819
-0.002264
-0.001034
-0.001172
-0.001956
-0.0004852
-0.0001
-0.002025
-0.0005261
-0.0004059
-0.001118
-0.002062
-0.0006352
-0.003083
-0.0007634
-0.0009901
-0.0008325
-0.001045
-0.001381
-0.001305
-0.0002711
-5.615e-005
-0.001229
-0.0009735
-0.003571
-0.0003653
-0.001076
-0.001298
-0.001172
-0.000296
-0.0003668
-0.002433
-0.0004906
-0.0005241
-0.001267
-0.0001624
-0.0008759
-0.002569
-0.001052
-0.0004325
-6.472e-005
-0.0004506
-0.001729
-0.00174
-0.001978
-0.0006164
-0.0007784
-0.001574
-7.994e-006
-0.0005346
-0.0009748
-0.001798
-0.001517
-0.0006831
-0.001799
-0.003441
-0.0007178
-0.001261
-0.0007199
-0.002821
-0.001172
-0.0003647
-0.001538
-6.436e-005
-0.001429
-0.002009
-0.0004628
-0.000606
-0.001356
-0.0002466
-0.001175
-0.000454
-0.001386
-0.001109
-0.00196
-0.002357
-0.0006063
-0.001997
-0.0005607
-0.003844
-7.391e-005
-0.001614
-0.0003298
-0.0007111
-0.001277
-0.001129
-0.0003143
-0.002236
-0.001234
-0.001522
-0.0008006
-0.0009727
-0.001346
-0.001018
-0.001039
-0.002221
-0.000133
-0.0004978
-2.657e-005
-0.002734
-0.002296
-0.001949
-0.0009045
-0.0006156
-0.003075
-0.0005671
-0.0007508
-0.001604
-0.001121
-0.001968
-0.001008
-0.0003981
-0.0003646
-0.0002781
-0.001714
-0.001534
-0.002473
-0.003099
-0.0005282
-0.0004412
-0.001113
-0.0005387
-0.001055
-0.0009293
-0.001867
-0.001646
-0.0006236
-0.001351
-0.001253
-0.00121
-0.0005271
-0.001841
-0.002577
-8.757e-005
-0.0008896
-0.0007514
-0.003346
-0.0007455
-0.0004516
-0.001239
-0.0009142
-0.0001659
-0.0001884
-0.002155
-0.001547
-0.0002732
-0.00099
-0.002425
-0.00113
-0.0008023
-0.002349
-0.002064
-0.001864
-0.001669
-0.0004357
-0.002333
-0.001207
-0.001896
-0.0009503
-0.001694
-0.001564
-0.001927
-0.001354
-0.0004117
-0.002706
-0.002446
-0.000484
-5.795e-005
-0.00242
-0.0003861
-0.0004375
-0.001651
-0.001574
-0.002135
-0.002195
-0.002433
-0.000959
-0.00131
-0.0002769
-0.001071
-0.00106
-0.0009587
-0.003093
-0.001403
-0.0009316
-0.001245
-0.0007409
-0.001633
-0.001714
-0.0003539
-0.0004161
-0.002651
-0.001807
-0.001679
-0.002124
-0.002233
-0.001763
-0.001404
-0.00285
-0.001912
-0.002235
-0.0007124
-0.002302
-0.002139
-0.0009527
-0.001337
-0.001518
-0.0007022
-0.0006675
-0.0004209
-0.001424
-0.00104
-0.0007576
-0.0005543
-0.00183
-0.001442
-0.001398
-0.001101
-0.003484
-0.001569
-0.0007292
-0.0005425
-0.001708
-0.0005576
-0.001079
-0.002283
-0.0003985
-1.748e-005
-0.001962
-0.000803
-0.0006878
-0.002237
-0.0008482
-0.0006312
-0.001406
-9.614e-005
-0.001598
-0.002622
-0.001139
-0.0004058
-0.002839
-0.00069
-0.000708
-0.002042
-0.001346
-0.002696
-0.000878
-0.001447
-0.0007349
-0.0005661
-0.0006317
-0.002442
-0.001897
-0.0001103
-0.001613
-0.0006098
-0.0003171
-0.0009842
-0.002356
-0.001409
-0.001713
-0.001291
-0.001679
-0.0005181
-0.00158
-9.276e-005
-0.00128
-0.0006241
-0.001136
-6.424e-005
-0.0008824
-0.002295
-0.001148
-0.001877
-0.002492
-0.001871
-0.001065
-0.0006659
-0.000742
-0.0007728
-0.0007531
-0.001437
-0.002177
-0.001396
-0.001902
-0.0005425
-0.0002145
-0.000942
-0.002096
-0.001183
-0.0005261
-0.00121
-0.003158
-0.0008221
-0.001789
-0.0006066
-0.0001601
-0.001646
-0.001401
-0.001222
-0.002398
-0.001983
-0.000611
-0.0006143
-0.001205
-0.0006741
-0.00132
-0.002122
-0.0002585
-0.0005878
-0.002009
-0.002066
-0.001125
-0.0006729
-0.002223
-0.001604
-0.0006018
-0.001205
-0.0004359
-0.0008595
-0.001606
-0.002348
-0.0007065
-0.0007938
-0.001273
-0.001287
-0.0003239
-0.001003
-0.001112
-0.0005818
-0.0004987
-0.0004095
-0.001177
-0.001401
-0.000457
-0.0008517
-0.0008196
-0.001237
-0.001014
-0.000344
-0.000216
-0.0007471
-0.000514
-0.0002635
-0.001206
-0.0002577
-9.7e-005
-0.00124
-0.001319
-0.001201
-0.0005861
-0.0008248
-0.00277
-0.001937
-0.0003332
-0.001793
-0.001911
-0.001037
-0.0009941
-0.002215
-0.001277
-0.0009503
-0.00152
-0.001027
-0.0009941
-0.0004229
-0.0009524
-0.000453
-0.000313
-0.0007979
-0.0009582
-0.001226
-0.0001837
-0.0002454
-0.0003689
-0.001739
-0.002006
-7.289e-005
-0.002172
-0.000632
-0.0002336
-0.0001309
-0.001625
-0.001548
-0.002386
-0.001996
-0.0008366
-0.0002021
-0.0002567
-0.0006282
-0.001982
-0.00176
-0.001029
-0.001231
-0.001985
-0.002313
-0.002066
-0.000833
-0.001559
-0.0004772
-0.0009864
-0.0006972
-0.000653
-0.0008032
-0.00142
-0.001444
-0.001666
-0.0004112
-0.00173
-0.001954
-0.00104
-0.001376
-0.0004592
-0.001942
-0.001062
-0.0007505
-0.0002744
-0.002317
-0.000465
-0.0007106
-0.0004989
-0.001078
-0.000752
-0.0009634
-0.001904
-0.001744
-0.00123
-0.0003671
-0.0005759
-0.001498
-0.002066
-0.0005214
-0.0004073
-0.002205
-0.00127
-0.0001996
-0.001681
-0.0004694
-0.0003241
-0.0008167
-0.001002
-0.0003677
-0.001295
-0.00121
-0.0009508
-0.001079
-0.0006587
-0.001508
-0.0008159
-1.228e-005
-0.0005097
-0.0008454
-0.001324
-0.002347
-0.0001452
-0.002126
-0.0009677
-0.0003919
-0.0007877
-0.001425
-0.001464
-0.001788
-0.0006352
-0.002395
-0.0003881
-0.0006615
-0.0009085
-0.0006409
-0.0003322
-0.001901
-0.0004788
-0.0007656
-0.0007268
-0.0009282
-0.0008136
-0.001031
-0.001835
-2.642e-005
-0.001794
-9.257e-005
-0.0002788
-0.001728
-0.001591
-0.001169
-0.001164
-0.001667
-0.0002826
-0.0005048
-0.0007336
-0.001272
-0.000841
-0.002007
-0.0006781
-0.0002123
-0.001892
-0.0008998
-0.000953
-0.001319
-0.0005996
-0.0003547
-0.000189
-0.0005381
-0.001391
-0.003395
-6.257e-005
-0.001485
-0.0001676
-0.00132
-0.0004069
-0.0006239
-0.002011
-0.000728
-0.0008074
-0.0002517
-0.002632
-0.001792
-0.0008227
-0.00102
-5.169e-005
-0.002192
-0.001205
-0.0005485
-0.001293
-0.0006353
-0.001353
-0.0003573
-0.0001974
-0.001686
-0.0007702
-0.001062
-0.001644
-0.002242
-0.0006571
-0.0005347
-0.002192
-0.001984
-0.0006134
-0.001915
-0.001734
-0.0005711
-0.0003186
-0.003297
-0.0008046
-0.001319
-0.001123
-0.001702
-0.0009753
-0.002817
-0.001346
-0.0008019
-0.001483
-2.309e-005
-0.0002976
-0.0003404
-0.00134
-0.001001
-0.0002443
-0.001145
-0.0007861
-0.0006265
-0.002401
-0.001397
-0.001818
-0.0006587
-0.0004633
-0.0007087
-0.002663
-0.0001776
-0.0003475
-0.0003697
-0.0008701
-0.001239
-0.0003446
-0.001377
-0.001608
-0.001144
-0.000437
-0.0003253
-0.0006375
-0.0009108
-0.002095
-0.001221
-0.0004563
-0.0004129
-0.00216
-0.0009605
-0.0005642
-0.0004583
-0.002227
-0.0005114
-4.589e-005
-0.001781
-0.000956
-0.0003765
-0.0009073
-0.00116
-0.0008578
-0.001061
-0.001984
-0.00242
-0.001114
-0.002648
-0.001975
-0.001635
-0.0003514
-0.002646
-0.001693
-0.001046
-0.001377
-0.000209
-0.001192
-0.0009302
-0.001061
-0.001158
-0.00147
-0.001421
-0.0009885
-0.0005105
-0.001765
-0.001815
-0.001646
-0.001353
-0.002423
-0.003536
-0.002753
-0.001133
-0.0009675
-0.001308
-0.0002275
-1.686e-005
-0.001086
-0.0009932
-0.001221
-0.001572
-0.0009506
-0.0004714
-0.002
-0.002778
-0.0003385
-7.27e-005
-0.001023
-0.003053
-0.0002795
-0.001504
-0.0002742
-0.0009216
-0.0009912
-0.0009215
-0.001352
-0.0005088
-0.0007796
-0.0006283
-0.0003417
-0.0008159
-0.002103
-0.0005564
-0.0003066
-0.002289
-0.0009569
-4.016e-005
-0.001506
-0.0013
-0.002191
-0.0006806
-0.0008737
-0.0017
-9.388e-005
-0.001284
-0.001781
-0.0001108
-0.0001392
-0.001135
-0.001162
-0.001118
-0.000101
-0.0009908
-0.0008744
-0.002229
-0.001876
-0.0003892
-0.002388
-0.002665
-0.0013
-0.0004989
-0.0007984
-0.0002479
-0.0008181
-0.0006317
-0.001808
-0.002283
-0.001834
-0.001288
-0.0001192
-0.0005308
-0.0003104
-9.123e-005
-0.0009003
-0.001261
-0.0005119
-0.0006522
-0.001117
-0.003322
-0.001257
-0.002009
-0.0006933
-0.0008842
-0.0005358
-0.001403
-0.00077
-0.001465
-0.003204
-0.001
-0.001402
-0.0007956
-0.002092
-0.0005494
-0.001962
-0.001468
-0.001102
-0.001287
-0.0007777
-0.002313
-0.0006235
-0.002115
-0.0002529
-0.002162
-0.00149
-0.00118
-0.002021
-0.0007389
-0.0007433
-0.001614
-0.0009779
-0.0004685
-0.001179
-0.001773
-0.001894
-0.000193
-0.000229
-0.0003468
-0.001049
-0.0007186
-0.001336
-0.0002919
-0.00141
-6.256e-005
-0.0008156
-0.0006924
-0.0008216
-0.0004822
-0.002066
-0.002044
-0.002744
-0.001965
-0.0004555
-0.0008494
-0.001495
-0.0001912
-0.0004465
-0.001427
-9.587e-005
-0.0008213
-0.0007694
-0.0008018
-0.0006313
-0.0006587
-0.0002056
-0.00136
-0.001892
-0.0001701
-0.0003068
-0.0006752
-0.000155
-0.00131
-0.001126
-0.0003748
-0.001401
-0.001613
-0.000436
-0.000842
-0.001456
-0.001056
-0.0004767
-0.0008937
-0.001732
-0.001485
-0.001236
-0.002501
-0.001089
-0.0002152
-0.0002924
-7.163e-006
-0.001522
-0.0005273
-0.001752
-0.0021
-0.0003831
-0.002236
-0.003428
-0.001338
-0.001016
-0.001328
-0.0004393
-0.001244
-0.0008449
-0.001225
-0.001119
-0.0007761
-4.82e-005
-0.0002966
-0.0007685
-0.0005702
-0.001805
-0.0007642
-0.001025
-0.0005621
-0.001136
-0.001307
-0.001041
-0.001428
-0.0005108
-0.001021
-0.001184
-0.001397
-0.0007104
-0.0008047
-0.001384
-0.001941
-0.0005613
-0.001791
-0.002253
-0.0007682
-0.0004917
-0.002183
-0.001056
-0.0008767
-0.0009174
-0.0005511
-0.000767
-0.0002798
-0.001491
-0.0005278
-0.0008888
-0.001928
-0.000844
-0.000486
-0.001501
-0.001175
-0.001104
-0.0003799
-0.0001007
-0.001232
-0.001692
-0.001405
-0.000682
-0.0002206
-0.002442
-0.0008354
-0.001231
-0.0007361
-0.0002145
-0.0005389
-0.002061
-0.001491
-0.001503
-0.0004348
-0.0004908
-0.0007819
-0.0003784
-0.002464
-0.001876
-0.002316
-0.0001708
-0.001077
-0.0005403
-0.001568
-0.0003462
-0.0005125
-0.00254
-0.001813
-0.002194
-0.00168
-0.0008331
-0.002219
-0.0008079
-0.0009699
-0.001243
-0.001557
-0.0007554
-0.0007349
-0.001134
-0.0007871
-0.002858
-0.0003832
-0.0004013
-0.001257
-3.132e-005
-0.0006854
-0.0004449
-0.002049
-0.002317
-0.001068
-0.0001936
-0.001071
-0.0002505
-0.001934
-0.0009342
-0.0006426
-0.001573
-0.0004527
-0.001237
-0.0008707
-0.0002312
-0.0007365
-0.001244
-0.001204
-0.001462
-0.001527
-0.000562
-0.002046
-0.001315
-0.0006414
-0.001395
-0.002068
-0.0002242
-0.0009643
-0.001804
-0.0005198
-0.0009164
-0.0005236
-0.001694
-0.001611
-0.00216
-0.0007521
-0.000502
-0.001775
-0.00072
-0.002454
-0.002074
-0.002431
-0.0008362
-0.001932
-0.0006235
-0.0006502
-0.0004634
-0.001725
-0.001024
-0.002661
-0.0008952
-0.0002137
-0.001506
-0.001122
-0.0003994
-0.001419
-0.002406
-0.0001999
-0.0009607
-0.0005387
-0.0008882
-0.001139
-6.267e-005
-0.002274
-0.0004474
-0.001619
-0.001131
-0.0004054
-0.001086
-0.001856
-0.0004835
-0.002516
-0.002031
-0.0006818
-0.0001903
-0.0006316
-0.001928
-0.002151
-0.001015
-0.001039
-0.002515
-0.002304
-0.000651
-0.002439
-0.00169
-0.0007372
-0.00208
-0.0006585
-0.001137
-0.0008107
-0.003413
-0.0001174
-9.283e-005
-0.002569
-0.001574
-0.0006411
-0.002074
-0.002195
-0.0009269
-0.001162
-0.0001841
-2.454e-005
-0.002164
-0.002481
-0.002361
-0.00131
-0.001306
-0.0007323
-0.002174
-0.0008574
-0.001856
-0.0008144
-0.0006668
-0.0008999
-0.0006353
-0.002286
-0.002069
-0.002489
-3.603e-005
-0.0006514
-0.0009053
-0.001107
-0.0004226
-0.001166
-0.0008042
-0.0011
-0.002258
-0.001497
-9.373e-005
-0.002261
-0.002131
-0.0006565
-0.001461
-0.0004515
-0.001417
-0.001144
-0.0005603
-0.001533
-0.001172
-0.0027
-0.0009134
-0.001887
-0.002106
-0.0007352
-0.001749
-0.001362
-0.002107
-0.002339
-0.0007482
-0.0007728
-0.0006513
-0.002306
-0.0006204
-0.001259
-0.001185
-0.0007466
-0.003608
-0.001915
-0.0008926
-0.001459
-0.00164
-0.001568
-0.0002826
-0.000677
-0.001221
-0.001571
-0.0006106
-0.0006794
-0.0005702
-0.001048
-0.00257
-0.001234
-0.00204
-0.001345
-0.002456
-0.0009345
-0.0009161
-0.002544
-0.001758
-0.0006151
-0.001824
-0.001983
-0.000543
-0.003228
-0.0003547
-0.002974
-0.0008188
-0.0007818
-0.001975
-0.0003075
-0.001293
-0.001157
-0.0002753
-0.001037
-0.001048
-0.0003414
-0.001841
-0.0007999
-0.00251
-0.0004685
-0.002409
-0.0006832
-0.0008285
-0.002049
-0.002425
-0.001105
-0.0009838
-0.0009929
-0.001937
-0.0005332
-0.001354
-0.001506
-0.0009037
-0.001027
-0.001505
-0.002373
-2.864e-005
-0.001651
-0.00015
-0.0006095
-0.0005282
-0.0004774
-0.0001204
-0.0006245
-0.0008019
-0.00136
-0.0009636
-0.002109
-0.0009469
-0.001398
-0.002556
-0.002488
-0.002229
-0.0006362
-5.011e-005
-0.002782
-0.001688
-0.001575
-0.001859
-0.0003666
-0.001474
-0.001969
-0.0001895
-0.001604
-6.048e-005
-0.001955
-0.0018
-0.001018
-0.002635
-0.001425
-0.0005711
-0.002349
-0.0005623
-0.000892
-0.0009804
-0.0001014
-0.0002753
-0.002184
-0.001563
-0.0008557
-9.553e-005
-0.0009095
-0.001253
-0.002384
-0.002025
-0.0005376
-0.0003198
-0.0007735
-0.002598
-0.0007775
-0.001778
-0.0007279
-4.898e-005
-0.0009891
-0.002092
-0.0012
-0.0007646
-0.001195
-0.001504
-0.001273
-0.0006727
-0.001075
-0.001829
-0.0003835
-0.001891
-0.0004224
-0.001209
-0.001412
-0.0007026
-0.002133
-0.0008234
-0.0003408
-0.0004113
-0.0007622
-9.498e-005
-8.497e-005
-0.0006457
-1.719e-005
-0.001802
-0.001792
-0.0008342
-0.001323
-0.0007302
-0.001686
-0.002561
-0.001327
-0.002091
-0.001643
-2.514e-005
-0.0004028
-0.0008453
-0.001909
-0.001957
-5.993e-006
-0.002591
-0.001146
-0.001541
-0.0007229
-0.0008181
-0.0009048
-0.001648
-0.001574
-0.000985
-0.0006289
-0.0002555
-0.002044
-0.0009853
-0.002168
-0.001174
-0.0006004
-0.001575
-0.002021
-0.002733
-0.000569
-0.0003496
-0.001427
-0.0005678
-0.0009439
-0.001153
-0.0008022
-0.002025
-0.001107
-0.000345
-0.0017
-0.00133
-0.001859
-0.001973
-0.0005697
-0.001921
-0.001104
-0.0007435
-0.002116
-0.0003998
-0.001622
-0.001073
-9.005e-005
-0.001018
-0.001203
-0.001035
-0.0008604
-0.001044
-0.0003691
-0.001341
-0.001499
-0.001227
-0.0002041
-0.003066
-0.00156
-0.0005706
-0.0005419
-0.00222
-0.001293
-0.0001211
-0.0002096
-0.0004401
-0.0009637
-0.000149
-0.0003362
-0.0009438
-0.002163
-0.0005817
-0.000915
-0.001386
-0.0008013
-3.581e-005
-0.000712
-0.0006356
-8.152e-005
-0.0002564
-0.0002463
-0.0001593
-0.00149
-0.0005341
-0.0002917
-0.0002407
-0.0006181
-0.001233
-0.001911
-0.0006452
-0.0003532
-0.0009167
-0.0016
-0.002554
-0.001795
-0.001496
-0.001539
-0.00056
-0.0007106
-0.002582
-0.001688
-0.0005083
-0.001167
-0.0009275
-0.0008703
-0.002407
-0.0008769
-0.0003058
-0.001354
-0.0009541
-0.001001
-9.72e-005
-0.001008
-0.001294
-0.0003873
-0.0009857
-0.002515
-0.001197
-0.0005912
-0.001162
-0.001141
-0.002486
-0.0002478
-0.0003065
-0.003082
-0.0007174
-0.001591
-0.001481
-2.973e-005
-0.00165
-0.0006859
-0.0003857
-0.0006892
-0.002628
-0.002558
-0.002375
-0.0003174
-0.001087
-0.002411
